***********
nn output
1 0.0316627 1 -0.761096 1 
0 0 1 0 0 
***********
nn output
-0.0122089 -0.00179612 1 0.0276373 0.0263014 
0 0 1 0 0 
***********
nn output
0.947064 0.000319385 -0.135146 -0.059542 0.0475778 
1 0 0 0 0.015 
***********
nn output
0.959414 -3.85858e-05 -0.154305 -0.00893367 0.900253 
1 0 0 0 0.9 
***********
nn output
-0.00207139 -0.014009 1 0.0172659 0.0141572 
0 0 1 0 0 
***********
nn output
0.947954 0.00650618 0.0971374 -0.0186319 0.0474364 
1 0 0 0 0.02 
***********
nn output
0.938956 -0.0163099 -0.101159 0.0163685 0.366081 
1 0 0 0 0.2175 
***********
nn output
0.916752 -0.0178401 0.381213 -0.0147819 0.691231 
1 0 0 0 0.96 
***********
nn output
0.958329 0.0109875 0.329372 -0.078145 0.864979 
1 0 0 0 1 
***********
nn output
0.977527 0.0172341 0.130515 0.0315754 0.883397 
1 0 0 0 0.875 
***********
nn output
0.0817629 0.00464699 0.957983 -0.0734426 -0.00496701 
0 0 1 0 0 
***********
nn output
-0.180141 0.0060141 1 -0.0664242 0.0578246 
0 0 1 0 0 
***********
nn output
0.0023648 -0.0153526 1 0.0262755 -0.00390029 
0 0 1 0 0 
***********
nn output
0.0702551 -0.000665306 0.93623 0.137282 0.0140995 
0 0 1 0 0 
***********
nn output
-0.0122199 -0.0115809 1 -0.0015726 0.0021069 
0 0 1 0 0 
***********
nn output
0.0180053 -0.00171664 0.954362 -0.0184696 0.00524599 
0 0 1 0 0 
***********
nn output
0.914222 -0.0208708 0.244986 0.0692857 0.667035 
1 0 0 0 0.96 
***********
nn output
0.949544 0.00771522 0.239953 -0.12271 0.0468143 
1 0 0 0 0.015 
***********
nn output
-0.0134328 -0.000995054 1 -0.0279035 -0.0173451 
0 0 1 0 0 
***********
nn output
0.0210147 -0.000416381 0.95622 -0.0579856 0.00133931 
0 0 1 0 0 
***********
nn output
0.96827 -0.00038295 0.0326957 0.0390447 0.855288 
1 0 0 0 0.9 
***********
nn output
0.02815 0.00053777 0.957609 -0.092358 -0.00643439 
0 0 1 0 0 
***********
nn output
-0.014339 0.00161835 1 0.00110349 -0.0148301 
0 0 1 0 0 
***********
nn output
0.94866 0.00446223 0.15486 -0.0940798 0.036419 
1 0 0 0 0.0175 
***********
nn output
0.0263317 -0.0150576 0.989128 0.103191 0.00738764 
0 0 1 0 0 
***********
nn output
0.960629 0.000409025 0.109471 -0.00942175 0.867212 
1 0 0 0 1 
***********
nn output
-0.0142663 0.000420071 1 -0.0470408 -0.0133533 
0 0 1 0 0 
***********
nn output
0.958204 -0.000882796 0.0791728 0.0112102 0.851898 
1 0 0 0 1 
***********
nn output
-0.0315491 0.00424321 1 -0.105191 -0.0125911 
0 0 1 0 0 
***********
nn output
0.0786519 0.000297125 0.923274 0.156931 0.0152426 
0 0 1 0 0 
***********
nn output
0.066085 0.00752983 0.119795 1 -0.0234221 
0 0 0 1 0 
***********
nn output
0.00709147 -0.00278223 0.931414 0.0808722 -0.0220816 
0 0 1 0 0 
***********
nn output
-0.0513484 2.0085e-05 1 -0.112269 -0.036985 
0 0 1 0 0 
***********
nn output
0.952896 -0.00870461 0.182926 -0.0359117 0.864612 
1 0 0 0 1 
***********
nn output
-0.0491258 0.981268 0.169103 -0.0450762 -0.0105418 
0 1 0 0 0 
***********
nn output
0.942944 0.00787916 0.303923 -0.109452 0.0685458 
1 0 0 0 0.015 
***********
nn output
0.912155 -0.00212347 0.0667358 -0.0317756 0.257167 
1 0 0 0 0.155 
***********
nn output
0.910984 -0.00815141 0.151523 0.0137358 0.0568872 
1 0 0 0 0.1075 
***********
nn output
0.94526 0.0070784 0.234816 -0.101735 0.0502665 
1 0 0 0 0.0175 
***********
nn output
-0.0472786 0.982124 0.242949 -0.11865 0.0146065 
0 1 0 0 0 
***********
nn output
-0.0121168 0.00459071 0.939196 -0.0797221 0.051092 
0 0 1 0 0 
***********
nn output
0.953667 0.00217814 -0.169765 0.0433242 0.287614 
1 0 0 0 0.205 
***********
nn output
-0.0493795 0.0111248 0.937093 0.0300687 0.0516897 
0 0 1 0 0 
***********
nn output
0.0886865 0.00941382 0.986957 -0.0802112 0.0295242 
0 0 1 0 0 
***********
nn output
0.95259 0.0109299 0.092629 -0.0630824 0.0930562 
1 0 0 0 0.0225 
***********
nn output
0.0147959 0.00499868 1 -0.0039598 0.0339147 
0 0 1 0 0 
***********
nn output
0.964209 -0.00152573 0.140864 -0.0702852 0.87905 
1 0 0 0 1 
***********
nn output
0.0773187 0.983074 -0.0878185 0.0519525 0.0564603 
0 1 0 0 0 
***********
nn output
0.971569 0.000788741 0.0605612 -0.0949719 0.889977 
1 0 0 0 1 
***********
nn output
0.983245 0.0140903 -0.465104 0.0739852 0.54649 
1 0 0 0 0.36 
***********
nn output
-0.030049 0.0115951 0.932082 0.0115052 0.0745634 
0 0 1 0 0 
***********
nn output
0.914593 0.00539129 0.181464 -0.0213579 0.122513 
1 0 0 0 0.115 
***********
nn output
-0.115011 0.00844675 0.484764 0.684615 0.0104664 
0 0 0 1 0 
***********
nn output
0.0501259 0.00725793 0.977318 -0.00780414 0.0199475 
0 0 1 0 0 
***********
nn output
0.96578 -0.00460994 0.0402834 -0.0421834 0.877086 
1 0 0 0 1 
***********
nn output
0.976153 0.012271 0.0477342 -0.0311106 0.897525 
1 0 0 0 0.9 
***********
nn output
-0.0170054 0.00679398 0.930945 -0.018483 0.0470978 
0 0 1 0 0 
***********
nn output
0.943698 0.00426082 -0.0406603 0.0227506 0.23296 
1 0 0 0 0.18 
***********
nn output
-0.0243728 0.00746308 0.935461 -0.0432307 0.0425714 
0 0 1 0 0 
***********
nn output
0.0690035 0.0120402 0.982173 -0.0285882 0.018241 
0 0 1 0 0 
***********
nn output
0.0423086 0.00568784 0.910188 0.0941853 0.0466362 
0 0 1 0 0 
***********
nn output
0.970991 0.0112527 0.142046 -0.0745618 -0.00126706 
1 0 0 0 0.0125 
***********
nn output
0.0422045 -0.00166427 0.937095 -0.201908 0.0295882 
0 0 1 0 0 
***********
nn output
0.0818914 0.00939271 0.973594 0.0189828 0.0192793 
0 0 1 0 0 
***********
nn output
0.962693 -0.0039315 0.125642 -0.0970324 0.866073 
1 0 0 0 1 
***********
nn output
0.00411851 0.981689 0.146733 -0.105095 0.0227215 
0 1 0 0 0 
***********
nn output
0.00457031 0.00711057 0.924927 -0.0337961 0.0575005 
0 0 1 0 0 
***********
nn output
0.905272 0.0114229 0.175586 -0.013789 0.148781 
1 0 0 0 0.1375 
***********
nn output
0.949777 0.0158283 0.217564 -0.121578 0.127827 
1 0 0 0 0.015 
***********
nn output
0.963921 0.0203045 -0.0211382 -0.0140202 0.904602 
1 0 0 0 0.875 
***********
nn output
-0.0217036 0.00862749 1 -0.0213879 0.0336899 
0 0 1 0 0 
***********
nn output
0.0276603 0.00646677 0.918466 0.00988126 0.057578 
0 0 1 0 0 
***********
nn output
0.97467 0.0184531 -0.382101 0.0890345 0.482373 
1 0 0 0 0.285 
***********
nn output
0.0735732 0.00398635 0.907775 0.0349226 0.0569631 
0 0 1 0 0 
***********
nn output
1 0.0199407 -0.241044 -0.0139737 0.903772 
1 0 0 0 0.875 
***********
nn output
0.952143 0.0129087 0.135528 -0.108788 0.117555 
1 0 0 0 0.0175 
***********
nn output
0.939144 0.0228944 0.371561 -0.0328947 0.880109 
1 0 0 0 0.9 
***********
nn output
0.983116 0.00658263 0.00421523 -0.0340881 0.827862 
1 0 0 0 1 
***********
nn output
0.000850645 0.0106653 0.92342 0.0412241 0.0531987 
0 0 1 0 0 
***********
nn output
0.0825813 0.982375 -0.0877887 0.025176 0.0474292 
0 1 0 0 0 
***********
nn output
-0.0102373 0.0105682 0.928964 -0.0437864 0.0664965 
0 0 1 0 0 
***********
nn output
0.0554298 0.0136737 -0.191056 1 0.0215446 
0 0 0 1 0 
***********
nn output
-0.0660639 0.0101827 0.938436 -0.0777581 0.0532497 
0 0 1 0 0 
***********
nn output
0.975817 0.0145689 -0.439325 0.0813743 0.491427 
1 0 0 0 0.295 
***********
nn output
0.968307 -0.00224525 0.0325588 -0.0878437 0.882674 
1 0 0 0 1 
***********
nn output
0.955487 0.00893678 -0.15505 0.0563884 0.3475 
1 0 0 0 0.2425 
***********
nn output
0.963729 0.0017918 -0.105719 0.0743406 0.858195 
1 0 0 0 1 
***********
nn output
0.977914 0.0160695 0.0534071 -0.0657865 0.901673 
1 0 0 0 0.9 
***********
nn output
-0.0132044 0.00767809 0.93451 -0.100919 0.0466991 
0 0 1 0 0 
***********
nn output
1 0.0210574 -0.23105 -0.0266295 0.905119 
1 0 0 0 0.875 
***********
nn output
0.108008 0.0057357 0.867502 0.116266 0.0577026 
0 0 1 0 0 
***********
nn output
1 0.0185397 -0.263129 -0.0042756 0.893065 
1 0 0 0 0.875 
***********
nn output
0.0964876 0.00344078 0.902853 0.0271486 0.0502238 
0 0 1 0 0 
***********
nn output
-0.0316736 0.981358 0.180773 -0.129116 0.0154388 
0 1 0 0 0 
***********
nn output
0.0825912 0.00416041 0.910152 -0.0464787 0.0641314 
0 0 1 0 0 
***********
nn output
0.943818 0.0159513 -0.166485 0.0212624 0.294793 
1 0 0 0 0.19 
***********
nn output
0.955895 0.0158984 -0.0493014 -0.0122257 0.124048 
1 0 0 0 0.0225 
***********
nn output
0.952112 0.0155291 -0.211291 0.0358166 0.559826 
1 0 0 0 0.33 
***********
nn output
0.967873 0.0179938 0.0280886 0.0550068 0.0265195 
1 0 0 0 0.0125 
***********
nn output
-0.0224288 0.0123295 0.925464 -0.00223646 0.062446 
0 0 1 0 0 
***********
nn output
0.972971 0.012219 0.0302377 -0.0529503 0.0125527 
1 0 0 0 0.015 
***********
nn output
0.101454 0.00446772 0.903805 -0.000652182 0.0614715 
0 0 1 0 0 
***********
nn output
0.984691 0.00799872 -0.0835871 0.00725851 0.837929 
1 0 0 0 1 
***********
nn output
0.058339 0.00746291 0.909678 0.0104552 0.0576547 
0 0 1 0 0 
***********
nn output
0.972182 0.0146444 -0.00597225 -0.00283983 0.00876841 
1 0 0 0 0.015 
***********
nn output
0.973719 0.00554658 0.0577662 -0.0874476 0.903119 
1 0 0 0 1 
***********
nn output
1 0.0211964 -0.272766 -0.0455762 0.905265 
1 0 0 0 0.875 
***********
nn output
0.953625 0.0161569 0.0445493 -0.0713206 0.11986 
1 0 0 0 0.0175 
***********
nn output
0.939268 0.025737 0.321869 -0.0108453 0.879106 
1 0 0 0 0.9 
***********
nn output
0.113476 0.0159796 0.965915 0.0400975 0.0382001 
0 0 1 0 0 
***********
nn output
0.0148888 0.00931605 0.925215 -0.0463725 0.0522501 
0 0 1 0 0 
***********
nn output
0.0964531 0.0156765 0.972842 -0.0156064 0.0331414 
0 0 1 0 0 
***********
nn output
0.950247 0.0186979 0.114292 -0.0542781 0.124831 
1 0 0 0 0.015 
***********
nn output
0.91968 0.0104368 -0.0566811 0.00541225 0.341344 
1 0 0 0 0.1775 
***********
nn output
0.921094 0.00603883 0.0148083 0.0334025 0.134463 
1 0 0 0 0.12 
***********
nn output
0.952585 0.0144433 0.155355 -0.155005 0.114441 
1 0 0 0 0.015 
***********
nn output
1 0.0227635 -0.336881 0.0427329 0.900746 
1 0 0 0 0.875 
***********
nn output
-0.0730867 0.00991793 0.395312 0.686594 0.00155398 
0 0 0 1 0 
***********
nn output
0.102547 0.012681 0.967453 0.0344019 0.0281363 
0 0 1 0 0 
***********
nn output
0.969249 -0.00279922 0.129047 -0.173448 0.89252 
1 0 0 0 1 
***********
nn output
0.967793 0.0129125 -0.121527 0.0704412 0.832156 
1 0 0 0 0.9 
***********
nn output
0.0242533 0.00937029 0.915998 0.0463565 0.0454363 
0 0 1 0 0 
***********
nn output
-0.0474397 0.981388 0.203135 -0.132808 0.00525928 
0 1 0 0 0 
***********
nn output
0.107302 0.00606091 0.881654 0.0773187 0.0597604 
0 0 1 0 0 
***********
nn output
0.923896 0.0115762 -0.0280122 -0.00650307 0.188767 
1 0 0 0 0.1525 
***********
nn output
0.949829 0.0192345 0.101065 -0.0327858 0.127818 
1 0 0 0 0.015 
***********
nn output
0.91411 0.01035 0.00187295 0.00415442 0.321779 
1 0 0 0 0.1675 
***********
nn output
0.972892 0.0157516 -0.0840234 0.0244466 0.862039 
1 0 0 0 0.9 
***********
nn output
0.963096 0.00225703 -0.157534 0.0857997 0.845956 
1 0 0 0 1 
***********
nn output
0.983254 0.00901972 -0.0918824 0.0360113 0.830198 
1 0 0 0 1 
***********
nn output
0.950306 0.0224487 0.0563827 0.0378959 0.134523 
1 0 0 0 0.0175 
***********
nn output
0.931128 0.0127845 -0.144073 0.034985 0.402214 
1 0 0 0 0.2 
***********
nn output
0.958412 0.0137653 -0.306643 0.0240084 0.332526 
1 0 0 0 0.22 
***********
nn output
0.966244 0.0100551 -0.185754 0.198444 0.879578 
1 0 0 0 1 
***********
nn output
0.94471 0.00750863 -0.152591 0.0461123 0.231591 
1 0 0 0 0.1725 
***********
nn output
0.0126616 0.0119308 0.922944 0.0139855 0.0513926 
0 0 1 0 0 
***********
nn output
0.119606 0.0161754 0.96663 0.042743 0.0332982 
0 0 1 0 0 
***********
nn output
0.0780823 0.00406457 0.921242 -0.101117 0.0441471 
0 0 1 0 0 
***********
nn output
0.100442 0.0163723 0.975502 -0.0270139 0.0279767 
0 0 1 0 0 
***********
nn output
0.967104 -0.00171537 0.0842394 -0.149716 0.869384 
1 0 0 0 1 
***********
nn output
8.238e-05 0.0106876 1 -0.0192639 0.0283426 
0 0 1 0 0 
***********
nn output
0.0127271 0.00946562 0.929539 -0.0527835 0.0450113 
0 0 1 0 0 
***********
nn output
0.0512313 0.0211961 0.0590275 0.986056 0.0372499 
0 0 0 1 0 
***********
nn output
0.969204 0.00216526 0.0939686 -0.0821042 0.90062 
1 0 0 0 1 
***********
nn output
0.103792 0.0150639 0.972463 0.0114802 0.0239197 
0 0 1 0 0 
***********
nn output
0.950734 0.0137151 0.116569 -0.0974136 0.0998164 
1 0 0 0 0.015 
***********
nn output
0.925663 0.00818137 -0.0714527 -0.0151947 0.343345 
1 0 0 0 0.19 
***********
nn output
0.0831477 0.014553 0.981051 -0.059141 0.0176828 
0 0 1 0 0 
***********
nn output
-0.00283584 0.00910363 0.929287 -0.0290401 0.0388757 
0 0 1 0 0 
***********
nn output
0.0929531 0.0142409 0.97752 -0.0317258 0.0202668 
0 0 1 0 0 
***********
nn output
0.0667167 0.0072597 0.904447 0.0996939 0.0437879 
0 0 1 0 0 
***********
nn output
0.00771343 0.00739869 0.984667 0.0376481 0.0255475 
0 0 1 0 0 
***********
nn output
0.953179 0.0139692 -0.0265301 0.000477092 0.0927492 
1 0 0 0 0.0225 
***********
nn output
0.0983793 0.0196353 0.0564698 0.881502 -0.255165 
0 0 0 1 0 
***********
nn output
0.0266331 0.0210165 0.0600469 1 0.0402707 
0 0 0 1 0 
***********
nn output
0.959639 -0.00646247 0.0055409 -0.0215965 0.85056 
1 0 0 0 1 
***********
nn output
-0.027255 0.00347957 0.989088 0.0180613 0.00940912 
0 0 1 0 0 
***********
nn output
-0.0436164 0.00873764 0.931096 -0.000585818 0.0276677 
0 0 1 0 0 
***********
nn output
0.0570146 0.0104015 0.98442 -0.0707949 0.00394304 
0 0 1 0 0 
***********
nn output
0.957435 -0.00578146 -0.04136 0.033495 0.839099 
1 0 0 0 1 
***********
nn output
0.972652 0.00392635 -0.218429 0.188007 0.772067 
1 0 0 0 1 
***********
nn output
0.0868565 0.00191694 0.901085 0.0713459 0.0280244 
0 0 1 0 0 
***********
nn output
0.108757 0.00357564 0.94452 0.224088 0.0134231 
0 0 1 0 0 
***********
nn output
0.0423583 0.00472382 0.909442 0.0699696 0.0277698 
0 0 1 0 0 
***********
nn output
0.944816 -0.000716702 -0.163932 0.0516471 0.210517 
1 0 0 0 0.1775 
***********
nn output
0.948905 0.0109686 0.0995451 -0.0667464 0.0856861 
1 0 0 0 0.0175 
***********
nn output
0.0882792 0.0177128 0.167868 0.846625 -0.25587 
0 0 0 1 0 
***********
nn output
0.049047 0.0118263 1 -0.11822 -0.00243433 
0 0 1 0 0 
***********
nn output
-0.0260597 0.00885214 0.918196 0.101845 0.0243105 
0 0 1 0 0 
***********
nn output
0.0691634 0.0106574 0.982436 -0.0419183 0.00279215 
0 0 1 0 0 
***********
nn output
0.947008 0.00741041 -0.0354948 0.00478277 0.0493361 
1 0 0 0 0.0225 
***********
nn output
-0.0526723 0.981116 0.123339 -0.0476242 -0.0132795 
0 1 0 0 0 
***********
nn output
-0.0463981 0.00760764 0.931876 -0.0236147 0.0269338 
0 0 1 0 0 
***********
nn output
0.980103 0.00388705 -0.0311009 0.0305825 0.828912 
1 0 0 0 1 
***********
nn output
0.949736 0.00922988 0.0243327 -0.0453915 0.0755684 
1 0 0 0 0.0175 
***********
nn output
0.0573796 0.98185 -0.154715 0.100195 0.0188862 
0 1 0 0 0 
***********
nn output
0.0118084 0.005682 0.915883 0.0185283 0.0359606 
0 0 1 0 0 
***********
nn output
0.970722 0.00956059 0.01284 -0.000602225 -0.0122032 
1 0 0 0 0.0125 
***********
nn output
0.0655715 0.00666144 0.839299 0.199576 0.0435956 
0 0 1 0 0 
***********
nn output
-0.035761 0.980497 0.188867 -0.137559 -0.00235543 
0 1 0 0 0 
***********
nn output
0.0225793 0.00753318 0.905224 0.0927752 0.0466866 
0 0 1 0 0 
***********
nn output
0.959856 0.0102211 -0.329838 0.0453915 0.346444 
1 0 0 0 0.225 
***********
nn output
0.949055 0.0136086 0.0846849 -0.0510612 0.113886 
1 0 0 0 0.015 
***********
nn output
0.962072 0.016724 -0.0756978 0.0109967 0.902605 
1 0 0 0 0.875 
***********
nn output
0.0625002 0.00823216 0.966201 0.0521944 0.0169879 
0 0 1 0 0 
***********
nn output
-0.0129992 0.00521928 0.929828 -0.0938799 0.0375197 
0 0 1 0 0 
***********
nn output
0.0818924 0.981193 -0.139204 0.0456033 0.0307644 
0 1 0 0 0 
***********
nn output
0.951456 0.0117197 0.0677198 -0.0870411 0.119695 
1 0 0 0 0.015 
***********
nn output
0.140529 0.0163833 0.104261 0.840708 -0.218641 
0 0 0 1 0 
***********
nn output
0.0349877 0.00813404 0.973749 -0.0021023 0.013581 
0 0 1 0 0 
***********
nn output
-0.00374553 0.00527928 0.919332 -0.0299854 0.0435906 
0 0 1 0 0 
***********
nn output
0.972636 0.00910722 -0.157362 0.114032 -0.00506509 
1 0 0 0 0.0175 
***********
nn output
0.0567269 0.00142777 0.907275 -0.0208906 0.0424615 
0 0 1 0 0 
***********
nn output
0.987396 0.0150697 -0.282597 0.0178111 0.880671 
1 0 0 0 0.875 
***********
nn output
0.0124295 0.00565789 0.911583 0.0239069 0.0448414 
0 0 1 0 0 
***********
nn output
-0.0259991 0.980852 0.065356 -0.0531322 0.00703113 
0 1 0 0 0 
***********
nn output
0.0452846 0.00709763 0.881626 0.119619 0.0587778 
0 0 1 0 0 
***********
nn output
0.0518856 0.00952188 0.968986 0.0302386 0.0235232 
0 0 1 0 0 
***********
nn output
0.130691 -0.000918013 0.849189 0.0281989 0.0563416 
0 0 1 0 0 
***********
nn output
0.0276411 0.980041 0.0380057 -0.0876555 0.0190322 
0 1 0 0 0 
***********
nn output
0.0432374 0.00631216 0.900899 0.0664716 0.0636112 
0 0 1 0 0 
***********
nn output
0.938644 0.00710462 -0.0126075 0.00667738 0.224049 
1 0 0 0 0.17 
***********
nn output
0.965227 -0.00051111 -0.196147 0.103448 0.864094 
1 0 0 0 1 
***********
nn output
-0.122304 0.0112176 1 -0.0351982 0.0161684 
0 0 1 0 0 
***********
nn output
0.00336419 0.00406461 0.922449 -0.102695 0.0508979 
0 0 1 0 0 
***********
nn output
0.960094 0.0189915 0.0690395 0.0427669 0.820032 
1 0 0 0 0.9 
***********
nn output
0.0827071 0.00290287 0.893391 0.0255243 0.0596764 
0 0 1 0 0 
***********
nn output
0.0741597 0.981031 -0.164016 0.0520532 0.0356062 
0 1 0 0 0 
***********
nn output
0.971211 -0.00571584 -0.0169502 -0.13055 0.885724 
1 0 0 0 1 
***********
nn output
0.989191 0.0212216 -0.261519 0.0149973 0.888201 
1 0 0 0 0.875 
***********
nn output
0.967437 -0.00140825 -0.164548 0.0436002 0.868689 
1 0 0 0 1 
***********
nn output
0.983277 0.0204976 -0.248015 0.0263305 0.858139 
1 0 0 0 0.875 
***********
nn output
0.965379 -0.000900321 -0.220048 0.0966842 0.855457 
1 0 0 0 1 
***********
nn output
0.0452123 0.0115065 0.970198 0.0177576 0.0278305 
0 0 1 0 0 
***********
nn output
0.962013 -0.000625695 -0.310344 0.179751 0.833676 
1 0 0 0 1 
***********
nn output
0.924458 0.00810365 0.0987416 -0.000624838 0.163877 
1 0 0 0 0.1375 
***********
nn output
0.105335 0.000843608 0.902666 -0.0474727 0.0609391 
0 0 1 0 0 
***********
nn output
-0.0642318 0.0104802 -0.133551 1 -0.0230036 
0 0 0 1 0 
***********
nn output
0.0089335 0.00638349 0.912805 -0.00886514 0.0541503 
0 0 1 0 0 
***********
nn output
0.0483944 0.0134602 0.976617 -0.017758 0.0266396 
0 0 1 0 0 
***********
nn output
0.103479 0.00398044 0.839474 0.102943 0.065097 
0 0 1 0 0 
***********
nn output
0.964918 0.0174158 0.107518 -0.0236275 0.851957 
1 0 0 0 0.9 
***********
nn output
-0.05234 0.00837237 0.933036 -0.101066 0.0479036 
0 0 1 0 0 
***********
nn output
0.980247 0.000798756 -0.176883 0.0559269 0.809802 
1 0 0 0 1 
***********
nn output
0.955089 0.0121772 -0.105882 0.00226753 0.113454 
1 0 0 0 0.0225 
***********
nn output
0.948231 0.0123253 -0.182113 0.0299231 0.54362 
1 0 0 0 0.3175 
***********
nn output
0.00579562 0.979918 0.120563 -0.139945 0.0130791 
0 1 0 0 0 
***********
nn output
0.956908 0.0106935 -0.10626 -0.0405152 0.113925 
1 0 0 0 0.0225 
***********
nn output
-0.120031 0.0127893 1 -0.0108785 0.0183194 
0 0 1 0 0 
***********
nn output
0.00176405 0.00706957 0.916168 -0.0292535 0.056849 
0 0 1 0 0 
***********
nn output
0.0420352 0.0109267 0.969997 0.0200611 0.0260234 
0 0 1 0 0 
***********
nn output
0.966922 0.00101843 -0.19373 0.105252 0.873158 
1 0 0 0 1 
***********
nn output
-0.0421047 0.980163 0.178277 -0.153439 0.00723581 
0 1 0 0 0 
***********
nn output
0.0256672 0.00576461 0.913285 -0.0436836 0.064084 
0 0 1 0 0 
***********
nn output
0.923965 0.0114786 -0.0054001 -0.0174382 0.206842 
1 0 0 0 0.155 
***********
nn output
0.0317754 0.00981026 0.900747 0.101683 0.0729366 
0 0 1 0 0 
***********
nn output
-0.13577 0.0133158 1 0.00998283 0.0192527 
0 0 1 0 0 
***********
nn output
0.955616 0.0120484 -0.0738934 -0.0372513 0.126077 
1 0 0 0 0.02 
***********
nn output
0.943785 0.0128604 -0.129456 0.00150697 0.514972 
1 0 0 0 0.2775 
***********
nn output
1 0.0203825 -0.195006 -0.0772584 0.906039 
1 0 0 0 0.875 
***********
nn output
0.188278 0.00410584 0.718201 0.220134 0.0871516 
0 0 1 0 0 
***********
nn output
0.980395 0.00241424 -0.256799 0.120509 0.808863 
1 0 0 0 1 
***********
nn output
0.951131 0.0164047 0.0266164 -0.0191502 0.142196 
1 0 0 0 0.015 
***********
nn output
0.148812 0.0204567 0.0431176 0.874579 -0.187926 
0 0 0 1 0 
***********
nn output
1 0.0204045 -0.267012 0.00684353 0.900671 
1 0 0 0 0.875 
***********
nn output
0.0661197 0.00458136 0.900473 0.0326974 0.0634358 
0 0 1 0 0 
***********
nn output
-0.0248459 0.979896 0.153423 -0.152327 0.00952262 
0 1 0 0 0 
***********
nn output
-0.0178497 0.00929183 0.91546 0.00128284 0.0645477 
0 0 1 0 0 
***********
nn output
0.0324217 0.0151521 0.984232 -0.0836503 0.0299319 
0 0 1 0 0 
***********
nn output
0.973162 -0.0046541 0.00267995 -0.140709 0.899547 
1 0 0 0 1 
***********
nn output
0.969528 0.00965352 0.013006 -0.017208 0.0259409 
1 0 0 0 0.0125 
***********
nn output
0.0362245 0.00626008 0.90714 0.00589672 0.0655475 
0 0 1 0 0 
***********
nn output
0.984592 0.0211857 -0.285543 0.0511299 0.859943 
1 0 0 0 0.875 
***********
nn output
0.970577 0.000203585 -0.10768 0.00802953 0.892404 
1 0 0 0 1 
***********
nn output
0.0249133 0.979793 0.0625403 -0.120124 0.0219935 
0 1 0 0 0 
***********
nn output
-0.00451115 0.00956815 0.912832 0.0114594 0.0705387 
0 0 1 0 0 
***********
nn output
-0.130638 0.0155518 1 -0.0745127 0.0238361 
0 0 1 0 0 
***********
nn output
0.951668 0.0195876 -0.0669414 0.0853859 0.162357 
1 0 0 0 0.0175 
***********
nn output
0.930541 0.0135679 -0.0750097 0.0280901 0.441444 
1 0 0 0 0.2125 
***********
nn output
0.00508123 0.980956 -0.0374741 -0.0142589 0.0252507 
0 1 0 0 0 
***********
nn output
0.955583 0.0134903 -0.055575 -0.0422701 0.146773 
1 0 0 0 0.0175 
***********
nn output
0.936902 0.0144104 -0.0485999 -0.0219468 0.464979 
1 0 0 0 0.2325 
***********
nn output
0.981405 0.0030004 -0.326709 0.1687 0.814434 
1 0 0 0 1 
***********
nn output
0.0803502 0.00305844 0.90655 -0.0647557 0.0749894 
0 0 1 0 0 
***********
nn output
0.920642 0.0128143 0.0201433 -0.0172824 0.20637 
1 0 0 0 0.1525 
***********
nn output
0.95423 0.0130506 0.0641644 -0.124855 0.14994 
1 0 0 0 0.015 
***********
nn output
0.986723 0.0024921 -0.152874 0.0103959 0.849896 
1 0 0 0 1 
***********
nn output
-0.0028343 0.0100202 0.914343 -0.000554524 0.0728195 
0 0 1 0 0 
***********
nn output
1 0.0234873 -0.281151 0.0185955 0.892064 
1 0 0 0 0.875 
***********
nn output
0.0542411 0.0062607 0.906715 -0.0134247 0.0741754 
0 0 1 0 0 
***********
nn output
0.904141 0.0116536 0.119419 -0.00592702 0.158566 
1 0 0 0 0.135 
***********
nn output
0.0659286 0.00484947 0.906779 -0.0363474 0.0725409 
0 0 1 0 0 
***********
nn output
-0.0768537 0.0129886 -0.132427 1 0.00289563 
0 0 0 1 0 
***********
nn output
-0.00200898 0.00673135 0.918518 -0.069731 0.0631792 
0 0 1 0 0 
***********
nn output
0.047219 0.012613 0.970909 0.00567684 0.0343018 
0 0 1 0 0 
***********
nn output
0.0249108 0.00605392 0.911527 -0.0340281 0.066027 
0 0 1 0 0 
***********
nn output
0.943145 0.0127948 -0.181364 0.0112443 0.28912 
1 0 0 0 0.1875 
***********
nn output
0.0279445 0.00760071 0.906506 0.0232354 0.0691603 
0 0 1 0 0 
***********
nn output
0.971717 0.0142384 -0.397598 0.0334027 0.439551 
1 0 0 0 0.265 
***********
nn output
0.0386693 0.00625314 0.906733 0.00022023 0.0675337 
0 0 1 0 0 
***********
nn output
0.108938 0.981333 -0.306768 0.133953 0.0482348 
0 1 0 0 0 
***********
nn output
0.00442589 0.0127929 0.901519 0.127607 0.0804932 
0 0 1 0 0 
***********
nn output
0.968423 0.0220983 0.149013 -0.0587751 0.873777 
1 0 0 0 0.9 
***********
nn output
0.109392 0.00671807 0.820019 0.126432 0.08479 
0 0 1 0 0 
***********
nn output
0.916675 0.0115024 0.0370314 -0.0190153 0.189199 
1 0 0 0 0.1475 
***********
nn output
-0.014707 0.0109248 0.912647 0.0271014 0.0712395 
0 0 1 0 0 
***********
nn output
-0.139195 0.0135187 1 0.0576632 0.0235458 
0 0 1 0 0 
***********
nn output
0.952779 0.0146447 0.0140181 -0.0564943 0.148402 
1 0 0 0 0.015 
***********
nn output
0.0513448 0.00492202 0.757279 0.00717461 -0.120361 
0 0 1 0 0 
***********
nn output
1 0.0221175 -0.295688 0.0261718 0.887451 
1 0 0 0 0.875 
***********
nn output
0.075383 0.00516061 0.898332 0.0207496 0.074019 
0 0 1 0 0 
***********
nn output
-0.175123 0.0127803 1 0.0464411 0.0142314 
0 0 1 0 0 
***********
nn output
0.972108 -0.00410201 -0.0588703 -0.102793 0.888398 
1 0 0 0 1 
***********
nn output
0.0553568 0.0149144 0.975899 -0.0312478 0.0380596 
0 0 1 0 0 
***********
nn output
0.969047 0.000819796 -0.191374 0.0682305 0.878385 
1 0 0 0 1 
***********
nn output
0.960126 0.0131762 -0.310798 0.013722 0.364234 
1 0 0 0 0.225 
***********
nn output
0.97014 -0.0012528 -0.132298 -0.00460249 0.881676 
1 0 0 0 1 
***********
nn output
0.0504791 0.0106954 0.966462 0.0295068 0.0338956 
0 0 1 0 0 
***********
nn output
0.0301079 0.00663177 0.909842 -0.0115756 0.0666082 
0 0 1 0 0 
***********
nn output
0.924436 0.0109648 -0.0552939 0.00377785 0.214042 
1 0 0 0 0.155 
***********
nn output
-0.0092998 0.00801405 0.919109 -0.0468671 0.0623104 
0 0 1 0 0 
***********
nn output
0.0547478 0.0142846 0.976459 -0.0387535 0.0360199 
0 0 1 0 0 
***********
nn output
0.975852 0.000255365 0.00314107 -0.100548 0.904239 
1 0 0 0 1 
***********
nn output
0.984216 0.00291416 -0.166679 0.0379511 0.835611 
1 0 0 0 1 
***********
nn output
0.0713351 0.00637598 0.891509 0.056579 0.0704373 
0 0 1 0 0 
***********
nn output
0.9848 0.0210712 -0.342222 0.0777872 0.852871 
1 0 0 0 0.875 
***********
nn output
0.97078 0.00141979 -0.134364 0.0298482 0.892142 
1 0 0 0 1 
***********
nn output
0.0727633 0.014447 0.970959 0.00498638 0.0391114 
0 0 1 0 0 
***********
nn output
0.972062 0.000913461 -0.0892851 -0.0116512 0.900072 
1 0 0 0 1 
***********
nn output
0.955127 0.00998506 -0.176429 0.0435315 0.31763 
1 0 0 0 0.2125 
***********
nn output
-0.0495218 0.00953245 0.933987 -0.110206 0.0567948 
0 0 1 0 0 
***********
nn output
-0.0679805 0.0118614 1 -0.0189563 0.0317834 
0 0 1 0 0 
***********
nn output
0.952861 0.0128417 0.0681411 -0.110181 0.136244 
1 0 0 0 0.015 
***********
nn output
1 0.0205043 -0.298677 -0.0135706 0.904259 
1 0 0 0 0.875 
***********
nn output
-0.0202409 0.00928318 0.922586 -0.0421224 0.0585114 
0 0 1 0 0 
***********
nn output
0.0653109 0.0123375 0.968872 0.0145973 0.0343766 
0 0 1 0 0 
***********
nn output
0.0942829 0.00185129 0.903427 -0.040812 0.0614883 
0 0 1 0 0 
***********
nn output
0.983791 0.0200115 -0.36042 0.0883475 0.845362 
1 0 0 0 0.875 
***********
nn output
0.10816 0.00510083 0.84696 0.0931143 0.070258 
0 0 1 0 0 
***********
nn output
-0.0616311 0.0097624 0.987035 0.0508223 0.0322722 
0 0 1 0 0 
***********
nn output
0.966854 -0.00203213 -0.142575 0.0138838 0.863891 
1 0 0 0 1 
***********
nn output
0.0763416 0.00964808 0.958738 0.0856443 0.0357276 
0 0 1 0 0 
***********
nn output
0.972493 0.00130197 -0.0438582 -0.0338749 0.901428 
1 0 0 0 1 
***********
nn output
-0.0603905 0.981312 0.0997109 -0.0607741 0.0103675 
0 1 0 0 0 
***********
nn output
0.00684761 0.00504433 0.925409 -0.131836 0.0574451 
0 0 1 0 0 
***********
nn output
0.960084 0.0124327 -0.34086 0.0260892 0.360249 
1 0 0 0 0.2225 
***********
nn output
0.0823453 0.00500615 0.89746 0.0303431 0.0691103 
0 0 1 0 0 
***********
nn output
0.97228 0.0170048 -0.0368431 0.00259935 0.867937 
1 0 0 0 0.9 
***********
nn output
-0.0466025 0.0097723 0.932389 -0.0955796 0.058825 
0 0 1 0 0 
***********
nn output
0.973079 0.0132749 -0.44568 0.0446531 0.440384 
1 0 0 0 0.265 
***********
nn output
-0.0255515 0.0107222 0.919961 -0.00170268 0.0628895 
0 0 1 0 0 
***********
nn output
0.0722428 0.0157671 0.976965 -0.0434675 0.0390236 
0 0 1 0 0 
***********
nn output
0.129273 0.00107124 0.873963 -0.00572498 0.0671193 
0 0 1 0 0 
***********
nn output
0.0748213 0.0138615 0.970942 -0.00169864 0.0388463 
0 0 1 0 0 
***********
nn output
0.0199907 0.010243 0.903523 0.0975874 0.0679832 
0 0 1 0 0 
***********
nn output
0.0677902 0.0116791 -0.234038 1 0.0208232 
0 0 0 1 0 
***********
nn output
0.964759 -0.00225279 -0.17433 0.049026 0.854136 
1 0 0 0 1 
***********
nn output
0.0572775 0.0137171 0.977783 -0.049874 0.0322911 
0 0 1 0 0 
***********
nn output
0.961001 -0.00172279 -0.286217 0.151606 0.829831 
1 0 0 0 1 
***********
nn output
0.0708443 0.0126601 0.970494 0.00476502 0.0353922 
0 0 1 0 0 
***********
nn output
0.953522 0.0116289 1.43232e-05 -0.0748343 0.123999 
1 0 0 0 0.0175 
***********
nn output
0.982461 0.00130506 -0.149414 0.0162367 0.82124 
1 0 0 0 1 
***********
nn output
0.970209 0.000385283 -0.0830968 -0.00212335 0.894293 
1 0 0 0 1 
***********
nn output
0.9719 0.0100611 -0.0786068 0.0335703 0.00999805 
1 0 0 0 0.015 
***********
nn output
0.0215146 0.00843471 0.905713 0.0643858 0.0602739 
0 0 1 0 0 
***********
nn output
-0.0460491 0.00944629 1 -0.0181076 0.0326617 
0 0 1 0 0 
***********
nn output
0.0179575 0.00663476 0.912824 -0.00776573 0.056029 
0 0 1 0 0 
***********
nn output
0.970987 0.00911931 0.027775 -0.0541629 0.0151847 
1 0 0 0 0.0125 
***********
nn output
0.968357 0.0011098 -0.132444 0.0488041 0.883906 
1 0 0 0 1 
***********
nn output
0.00674462 0.980632 0.0549699 -0.0835345 0.0182218 
0 1 0 0 0 
***********
nn output
-0.00378523 0.007884 0.918471 -0.0329209 0.0587099 
0 0 1 0 0 
***********
nn output
0.0828372 0.0134346 0.967376 0.0264278 0.0397381 
0 0 1 0 0 
***********
nn output
-0.0577108 0.0110809 0.930023 -0.0491839 0.0579072 
0 0 1 0 0 
***********
nn output
0.981409 0.0156661 -9.32309e-05 -0.0758375 0.904336 
1 0 0 0 0.9 
***********
nn output
0.952146 0.013123 0.0702735 -0.101903 0.133556 
1 0 0 0 0.015 
***********
nn output
0.909919 0.00846634 0.0686523 -0.0295955 0.310134 
1 0 0 0 0.165 
***********
nn output
0.00242799 0.980339 0.098289 -0.121753 0.0178559 
0 1 0 0 0 
***********
nn output
0.044275 0.0102358 0.884344 0.129181 0.0732345 
0 0 1 0 0 
***********
nn output
0.935594 0.00765205 -0.0213006 0.0044289 0.210004 
1 0 0 0 0.16 
***********
nn output
-0.0224848 0.00854886 0.925859 -0.0763477 0.0592934 
0 0 1 0 0 
***********
nn output
-0.0691983 0.980372 0.224942 -0.173298 0.00534307 
0 1 0 0 0 
***********
nn output
0.97348 6.67113e-05 -0.0577631 -0.0672995 0.900348 
1 0 0 0 1 
***********
nn output
0.976196 0.0143958 -0.459384 0.0531723 0.499724 
1 0 0 0 0.3025 
***********
nn output
0.0802478 0.00637531 0.888969 0.0516764 0.0740772 
0 0 1 0 0 
***********
nn output
0.987462 0.0211146 -0.335159 0.0481384 0.86771 
1 0 0 0 0.875 
***********
nn output
0.975866 0.00111045 -0.00628671 -0.0996658 0.903578 
1 0 0 0 1 
***********
nn output
0.038487 0.0172173 -0.140328 1 0.0591578 
0 0 0 1 0 
***********
nn output
-0.0102265 0.00965252 0.914391 0.0102613 0.0637728 
0 0 1 0 0 
***********
nn output
0.029637 0.980015 0.0481612 -0.11122 0.024815 
0 1 0 0 0 
***********
nn output
0.954714 0.0106996 0.0246286 -0.134563 0.129868 
1 0 0 0 0.015 
***********
nn output
0.0817294 0.0147275 0.966291 0.033989 0.0456554 
0 0 1 0 0 
***********
nn output
0.971088 0.000215987 -0.153586 0.0166889 0.886695 
1 0 0 0 1 
***********
nn output
0.937818 0.0124955 -0.176965 0.0217235 0.267187 
1 0 0 0 0.1725 
***********
nn output
0.0427897 0.00475931 0.912011 -0.060953 0.0660144 
0 0 1 0 0 
***********
nn output
0.103199 0.981633 -0.294795 0.13174 0.0496277 
0 1 0 0 0 
***********
nn output
-0.00618564 0.00889071 0.917224 -0.035416 0.0700081 
0 0 1 0 0 
***********
nn output
1 0.0218954 -0.286215 -0.0218744 0.903147 
1 0 0 0 0.875 
***********
nn output
0.956054 0.0114271 -0.024505 -0.102382 0.13477 
1 0 0 0 0.0175 
***********
nn output
0.0589243 0.0117323 0.966452 0.0197084 0.0404239 
0 0 1 0 0 
***********
nn output
0.969173 -0.00342175 -0.177726 -0.0125275 0.863225 
1 0 0 0 1 
***********
nn output
1 0.0217622 -0.294694 -0.021448 0.903959 
1 0 0 0 0.875 
***********
nn output
0.0828441 0.00481082 0.901055 0.00234262 0.0754371 
0 0 1 0 0 
***********
nn output
0.0347003 0.979987 0.037101 -0.111868 0.0290295 
0 1 0 0 0 
***********
nn output
0.0649042 0.00347128 0.91112 -0.0917429 0.0732204 
0 0 1 0 0 
***********
nn output
0.0128872 0.980264 0.0407959 -0.099622 0.0271962 
0 1 0 0 0 
***********
nn output
0.961667 0.0145946 -0.307208 0.0909061 0.138197 
1 0 0 0 0.03 
***********
nn output
0.953306 0.0199577 -0.157014 0.0999482 0.706078 
1 0 0 0 0.53 
***********
nn output
0.0410306 0.0154866 -0.160252 1 0.0724549 
0 0 0 1 0 
***********
nn output
0.0778932 0.00528337 0.900959 0.000648363 0.0820097 
0 0 1 0 0 
***********
nn output
0.971704 0.0220699 0.061048 -0.0269857 0.87706 
1 0 0 0 0.9 
***********
nn output
0.0588116 0.00767505 0.900814 0.0402888 0.0827637 
0 0 1 0 0 
***********
nn output
1 0.0233171 -0.309376 0.0200226 0.896731 
1 0 0 0 0.875 
***********
nn output
0.969551 0.000444681 -0.26634 0.0913631 0.868858 
1 0 0 0 1 
***********
nn output
0.925883 0.00970211 0.0884603 -0.0157444 0.180042 
1 0 0 0 0.14 
***********
nn output
-0.0479168 0.0102067 0.929425 -0.0978428 0.0687843 
0 0 1 0 0 
***********
nn output
0.0690752 0.0138945 0.966542 0.0264996 0.0462841 
0 0 1 0 0 
***********
nn output
0.0407702 0.00395058 0.91616 -0.114675 0.0700486 
0 0 1 0 0 
***********
nn output
0.988442 0.0028943 -0.115273 -0.0298414 0.861307 
1 0 0 0 1 
***********
nn output
-0.0234675 0.00927879 0.922222 -0.0666983 0.0689422 
0 0 1 0 0 
***********
nn output
-0.0461105 0.00786513 -0.25516 1 -0.0189417 
0 0 0 1 0 
***********
nn output
0.974612 0.000240304 -0.0715344 -0.0592015 0.901697 
1 0 0 0 1 
***********
nn output
0.970447 0.00910596 -0.0206276 -0.018694 0.0331497 
1 0 0 0 0.0125 
***********
nn output
0.969953 -0.00351196 -0.172 -0.0184485 0.869241 
1 0 0 0 1 
***********
nn output
0.974376 0.00960575 -0.237259 0.124962 0.0181876 
1 0 0 0 0.02 
***********
nn output
0.106197 0.00545676 0.847746 0.0742173 0.0805532 
0 0 1 0 0 
***********
nn output
-0.0975871 0.0142983 1 -0.0518463 0.0323424 
0 0 1 0 0 
***********
nn output
0.973653 0.00211923 -0.142163 0.0183259 0.900944 
1 0 0 0 1 
***********
nn output
0.0450913 0.0144422 -0.149258 1 0.0610088 
0 0 0 1 0 
***********
nn output
0.956133 0.0148929 -0.194392 0.0719601 0.136647 
1 0 0 0 0.0225 
***********
nn output
0.954183 0.01352 -0.26628 0.0623199 0.577715 
1 0 0 0 0.345 
***********
nn output
0.0362975 0.0153101 -0.129269 1 0.0676027 
0 0 0 1 0 
***********
nn output
-0.115331 0.012852 0.323913 0.712899 0.0290217 
0 0 0 1 0 
***********
nn output
0.0279912 0.0145867 0.98714 -0.116979 0.0289649 
0 0 1 0 0 
***********
nn output
0.95376 0.00928172 0.0332855 -0.132313 0.135163 
1 0 0 0 0.015 
***********
nn output
0.926466 0.0313679 0.597738 -0.105291 0.878733 
1 0 0 0 0.9 
***********
nn output
0.971775 0.00505569 -0.0132152 -0.0627852 0.0189207 
1 0 0 0 0.0125 
***********
nn output
-0.0572943 0.010658 0.922703 -0.0179993 0.0600719 
0 0 1 0 0 
***********
nn output
0.983129 0.00110078 -0.219285 0.0773316 0.831917 
1 0 0 0 1 
***********
nn output
0.957957 0.0107937 -0.257046 0.0566984 0.114249 
1 0 0 0 0.0275 
***********
nn output
0.924732 0.0231789 0.370565 0.0278738 0.557383 
1 0 0 0 0.37 
***********
nn output
0.0171151 0.979448 0.0743231 -0.13287 0.0169218 
0 1 0 0 0 
***********
nn output
0.121447 -9.60304e-05 0.873871 -0.0311608 0.0697156 
0 0 1 0 0 
***********
nn output
0.0546219 0.0117469 0.967345 0.0285969 0.0358302 
0 0 1 0 0 
***********
nn output
0.0404012 0.00366003 0.909915 -0.0594842 0.0631478 
0 0 1 0 0 
***********
nn output
-0.0202688 0.97981 0.102855 -0.127697 0.0117634 
0 1 0 0 0 
***********
nn output
0.108529 0.00212094 0.866993 0.00639535 0.0752512 
0 0 1 0 0 
***********
nn output
0.982768 0.000809868 -0.25708 0.0920827 0.824807 
1 0 0 0 1 
***********
nn output
0.970786 -0.00653093 -0.131882 -0.0746234 0.87333 
1 0 0 0 1 
***********
nn output
1 0.0204943 -0.199177 -0.0833613 0.905945 
1 0 0 0 0.875 
***********
nn output
-0.00700838 0.00858909 0.913251 -0.00906119 0.0668566 
0 0 1 0 0 
***********
nn output
0.0389667 0.0112476 0.969972 0.00299016 0.0325264 
0 0 1 0 0 
***********
nn output
-0.010384 0.00665553 0.919009 -0.0750665 0.0618898 
0 0 1 0 0 
***********
nn output
0.981188 0.0146339 -0.476114 0.0994791 0.592667 
1 0 0 0 0.435 
***********
nn output
0.0126303 0.00744149 0.909908 -0.00468407 0.0671578 
0 0 1 0 0 
***********
nn output
-0.14492 0.0131912 1 0.000129864 0.0200274 
0 0 1 0 0 
***********
nn output
0.975758 -0.00202339 0.00716585 -0.133172 0.903491 
1 0 0 0 1 
***********
nn output
0.0342675 0.0146837 0.982748 -0.0870733 0.031743 
0 0 1 0 0 
***********
nn output
0.198863 0.000680612 0.733939 0.135089 0.084696 
0 0 1 0 0 
***********
nn output
0.9712 0.00681479 -0.00296651 -0.0556635 0.0261705 
1 0 0 0 0.0125 
***********
nn output
0.0409759 0.00314514 0.912333 -0.0872156 0.0615732 
0 0 1 0 0 
***********
nn output
-0.132206 0.012737 1 -0.0041447 0.0217029 
0 0 1 0 0 
***********
nn output
0.0341023 0.00859272 0.898892 0.0822795 0.0716116 
0 0 1 0 0 
***********
nn output
-0.111274 0.0121638 1 0.021424 0.026425 
0 0 1 0 0 
***********
nn output
0.974362 -0.00372856 0.0104305 -0.148671 0.901619 
1 0 0 0 1 
***********
nn output
0.966654 0.0197681 0.0611536 -0.00291915 0.85383 
1 0 0 0 0.9 
***********
nn output
0.953415 0.0116185 0.00313274 -0.0888471 0.133119 
1 0 0 0 0.015 
***********
nn output
0.917951 0.0096364 0.0370641 -0.0308483 0.355064 
1 0 0 0 0.1875 
***********
nn output
0.924822 0.0103333 -0.061513 0.00132398 0.212167 
1 0 0 0 0.155 
***********
nn output
0.0267253 0.00669904 0.9078 0.0028471 0.0645904 
0 0 1 0 0 
***********
nn output
0.939355 0.0114986 -0.18184 0.0175427 0.268895 
1 0 0 0 0.1775 
***********
nn output
0.102021 0.0061149 0.822731 0.128589 0.07617 
0 0 1 0 0 
***********
nn output
-0.0182561 0.9797 0.141687 -0.159182 0.0109906 
0 1 0 0 0 
***********
nn output
-0.0290417 0.0094535 0.919087 -0.0304852 0.0636331 
0 0 1 0 0 
***********
nn output
1 0.0221934 -0.335744 0.0374031 0.900769 
1 0 0 0 0.875 
***********
nn output
0.953658 0.0116201 0.0490656 -0.125851 0.141656 
1 0 0 0 0.015 
***********
nn output
0.902917 0.00870107 0.156461 -0.0488481 0.287781 
1 0 0 0 0.155 
***********
nn output
-0.0692284 0.011537 -0.0486324 0.98712 0.00408247 
0 0 0 1 0 
***********
nn output
0.0643785 0.00878273 0.841519 0.150311 0.0771862 
0 0 1 0 0 
***********
nn output
0.0459004 0.0109164 0.968871 0.0109176 0.0327207 
0 0 1 0 0 
***********
nn output
0.0798091 0.00772795 0.828733 0.148961 0.0774064 
0 0 1 0 0 
***********
nn output
0.0523127 0.011163 0.967614 0.0219594 0.0344779 
0 0 1 0 0 
***********
nn output
0.969254 -0.00489653 -0.129259 -0.0397496 0.873403 
1 0 0 0 1 
***********
nn output
1 0.0206743 -0.320786 0.0248104 0.900319 
1 0 0 0 0.875 
***********
nn output
0.955239 0.00946086 -0.0509016 -0.092561 0.119779 
1 0 0 0 0.0175 
***********
nn output
0.971557 0.00891021 -0.141545 0.0752463 0.0168208 
1 0 0 0 0.015 
***********
nn output
0.0628446 0.00450307 0.901357 0.00998187 0.0661989 
0 0 1 0 0 
***********
nn output
0.0439055 0.0147839 0.98228 -0.0840292 0.0325297 
0 0 1 0 0 
***********
nn output
-0.0249587 0.00890124 0.917511 -0.0181414 0.0602459 
0 0 1 0 0 
***********
nn output
0.0631051 0.0130651 0.970502 0.00435737 0.0370644 
0 0 1 0 0 
***********
nn output
0.0854675 0.00695473 0.828719 0.141033 0.0748602 
0 0 1 0 0 
***********
nn output
-0.0753188 0.9801 0.189146 -0.148289 0.00172145 
0 1 0 0 0 
***********
nn output
0.12676 0.00131983 0.846181 0.022288 0.0732789 
0 0 1 0 0 
***********
nn output
-0.11841 0.0121641 1 0.00686853 0.0254596 
0 0 1 0 0 
***********
nn output
-0.0676934 0.00978227 0.250904 0.707006 0.0306574 
0 0 0 1 0 
***********
nn output
0.0433176 0.0127513 0.976227 -0.0396506 0.0329305 
0 0 1 0 0 
***********
nn output
0.00376053 0.00927665 0.904411 0.0733046 0.0676809 
0 0 1 0 0 
***********
nn output
0.0164327 0.980249 -0.0234741 -0.0449356 0.0214216 
0 1 0 0 0 
***********
nn output
0.955268 0.00950201 -0.0329702 -0.102519 0.131243 
1 0 0 0 0.0175 
***********
nn output
0.0115773 0.979322 0.0873858 -0.146469 0.0181628 
0 1 0 0 0 
***********
nn output
0.0698739 0.0053864 0.879716 0.0459254 0.0771937 
0 0 1 0 0 
***********
nn output
-0.148701 0.0141086 1 -0.0380873 0.0225323 
0 0 1 0 0 
***********
nn output
0.968323 -0.00224313 -0.263739 0.085791 0.86607 
1 0 0 0 1 
***********
nn output
0.963069 0.0133657 -0.330087 0.0145671 0.382059 
1 0 0 0 0.2325 
***********
nn output
0.01171 0.00506115 0.915168 -0.0758652 0.065363 
0 0 1 0 0 
***********
nn output
0.97715 0.0175003 0.0708034 -0.0901378 0.902037 
1 0 0 0 0.9 
***********
nn output
0.160376 0.00147506 0.783937 0.0897815 0.0831217 
0 0 1 0 0 
***********
nn output
0.0134907 0.979941 0.0164243 -0.0834951 0.0219381 
0 1 0 0 0 
***********
nn output
0.954035 0.0119927 -0.0251667 -0.0741507 0.143015 
1 0 0 0 0.015 
***********
nn output
0.920015 0.0106754 0.0338246 -0.0292658 0.37815 
1 0 0 0 0.195 
***********
nn output
-0.0559117 0.979742 0.170591 -0.162473 0.0082204 
0 1 0 0 0 
***********
nn output
0.0320285 0.00612264 0.908495 -0.0303122 0.076306 
0 0 1 0 0 
***********
nn output
0.923837 0.00973773 0.118339 -0.0182196 0.175085 
1 0 0 0 0.1375 
***********
nn output
0.168483 0.000327491 0.799978 0.0395032 0.0872423 
0 0 1 0 0 
***********
nn output
1 0.0226841 -0.270386 0.0059416 0.891249 
1 0 0 0 0.875 
***********
nn output
-0.0484121 0.00881661 0.927367 -0.104917 0.0671029 
0 0 1 0 0 
***********
nn output
0.0615545 0.0101009 -0.371955 1 0.0299469 
0 0 0 1 0 
***********
nn output
0.11719 0.00384753 0.823638 0.0763593 0.0844686 
0 0 1 0 0 
***********
nn output
0.930385 0.00935864 0.0649738 -0.0121228 0.200232 
1 0 0 0 0.1525 
***********
nn output
0.954614 0.0131588 -0.0905597 -0.0160509 0.144388 
1 0 0 0 0.0175 
***********
nn output
0.93919 0.0126512 -0.112274 -0.00651627 0.473552 
1 0 0 0 0.235 
***********
nn output
0.918148 0.0115006 0.0134386 -0.00805466 0.202027 
1 0 0 0 0.15 
***********
nn output
0.955994 0.00983583 -0.0485727 -0.101305 0.134528 
1 0 0 0 0.0175 
***********
nn output
0.907514 0.022319 0.52422 -0.0894801 0.314857 
1 0 0 0 0.18 
***********
nn output
0.964915 0.0228567 0.176519 -0.049948 0.860509 
1 0 0 0 0.9 
***********
nn output
0.0656153 0.00669163 0.878223 0.0623436 0.0792349 
0 0 1 0 0 
***********
nn output
0.0568721 0.014839 0.972712 -0.00863714 0.0420783 
0 0 1 0 0 
***********
nn output
-0.0301718 0.00745586 0.202177 0.695336 0.0376852 
0 0 0 1 0 
***********
nn output
0.985334 0.0214799 -0.293676 0.0473818 0.864064 
1 0 0 0 0.875 
***********
nn output
0.952913 0.0161769 -0.130907 0.0729152 0.150826 
1 0 0 0 0.0175 
***********
nn output
0.94388 0.0130339 -0.178685 0.0287294 0.504652 
1 0 0 0 0.25 
***********
nn output
-0.146115 0.0146059 1 -0.066786 0.0220467 
0 0 1 0 0 
***********
nn output
0.132168 0.00212905 0.818171 0.063663 0.0800737 
0 0 1 0 0 
***********
nn output
0.98955 0.0214175 -0.300274 0.0319338 0.885884 
1 0 0 0 0.875 
***********
nn output
0.0473318 0.00742326 0.886018 0.0748815 0.0760021 
0 0 1 0 0 
***********
nn output
0.0701735 0.980273 -0.148782 0.0149041 0.0358366 
0 1 0 0 0 
***********
nn output
-0.0463056 0.0090967 0.196151 0.710089 0.0398141 
0 0 0 1 0 
***********
nn output
0.0339402 0.0127395 -0.231416 1 0.0616661 
0 0 0 1 0 
***********
nn output
0.969886 0.00169187 -0.275279 0.152035 0.889633 
1 0 0 0 1 
***********
nn output
0.0540078 0.00897365 -0.308519 1 0.0385536 
0 0 0 1 0 
***********
nn output
0.953692 0.0120468 -0.120629 0.0140938 0.139086 
1 0 0 0 0.0175 
***********
nn output
0.939718 0.0115669 -0.109224 -0.00152555 0.477564 
1 0 0 0 0.24 
***********
nn output
0.962905 0.0219822 0.176288 -0.0250723 0.85197 
1 0 0 0 0.9 
***********
nn output
0.954102 0.00817033 0.0175209 -0.13756 0.137018 
1 0 0 0 0.015 
***********
nn output
0.985739 -0.000894288 -0.162119 0.0117446 0.850332 
1 0 0 0 1 
***********
nn output
0.0264062 0.00583237 0.903918 0.017151 0.0685433 
0 0 1 0 0 
***********
nn output
0.0232503 0.00983536 0.972492 -0.011323 0.0283505 
0 0 1 0 0 
***********
nn output
0.971712 -0.00471478 -0.129242 -0.0332469 0.892608 
1 0 0 0 1 
***********
nn output
0.958682 0.0126439 -0.305135 0.0288316 0.364453 
1 0 0 0 0.2225 
***********
nn output
0.969409 -0.00428555 -0.203035 0.0339505 0.87765 
1 0 0 0 1 
***********
nn output
0.00897554 0.9799 -0.0137904 -0.0546113 0.0185296 
0 1 0 0 0 
***********
nn output
-0.0402352 0.00905471 0.916956 -0.017248 0.0656197 
0 0 1 0 0 
***********
nn output
0.0307802 0.0121755 0.975608 -0.0301627 0.0327644 
0 0 1 0 0 
***********
nn output
-0.0147841 0.00519882 0.919044 -0.091926 0.0616896 
0 0 1 0 0 
***********
nn output
0.987058 -0.00328385 -0.0926597 -0.0812683 0.851646 
1 0 0 0 1 
***********
nn output
0.971471 -0.00464564 -0.154181 -0.0208458 0.887573 
1 0 0 0 1 
***********
nn output
1 0.0206097 -0.242768 -0.0197195 0.901358 
1 0 0 0 0.875 
***********
nn output
0.954119 0.00923862 0.00377876 -0.119069 0.137215 
1 0 0 0 0.015 
***********
nn output
0.191869 0.0189276 0.910834 -0.101562 -0.123586 
0 0 1 0 0 
***********
nn output
0.0443622 0.0132937 0.974584 -0.0180154 0.0357994 
0 0 1 0 0 
***********
nn output
-0.0571054 0.0100856 0.920742 -0.0205143 0.0634244 
0 0 1 0 0 
***********
nn output
0.0357079 0.0112256 0.972069 -0.00501867 0.0324809 
0 0 1 0 0 
***********
nn output
-0.00115174 0.00566779 0.91383 -0.0478632 0.0632792 
0 0 1 0 0 
***********
nn output
0.969671 0.0123383 -0.364139 0.0174215 0.43899 
1 0 0 0 0.2725 
***********
nn output
-0.00376778 0.00830119 0.907726 0.0337319 0.0680345 
0 0 1 0 0 
***********
nn output
1 0.0202697 -0.273613 0.00774268 0.896247 
1 0 0 0 0.875 
***********
nn output
0.97018 -4.17434e-05 -0.210848 0.0867901 0.89091 
1 0 0 0 1 
***********
nn output
0.987953 0.000233576 -0.0980391 -0.0350516 0.866583 
1 0 0 0 1 
***********
nn output
0.950022 0.0160475 -0.0017894 0.00140363 0.14637 
1 0 0 0 0.015 
***********
nn output
0.0645246 0.00235409 0.73237 0.0241419 -0.113023 
0 0 1 0 0 
***********
nn output
0.0430286 0.0113859 -0.281654 1 0.044946 
0 0 0 1 0 
***********
nn output
-0.00479534 0.0062071 0.911982 -0.0211651 0.0617585 
0 0 1 0 0 
***********
nn output
0.988353 0.000944158 -0.0904118 -0.0259595 0.873812 
1 0 0 0 1 
***********
nn output
0.952201 0.0122252 -0.0360178 -0.0289399 0.142209 
1 0 0 0 0.015 
***********
nn output
0.915135 0.00881708 0.0562457 -0.018713 0.349602 
1 0 0 0 0.1825 
***********
nn output
0.0405488 0.0114803 -0.257901 1 0.0475674 
0 0 0 1 0 
***********
nn output
0.971333 -0.007382 -0.0765759 -0.0925241 0.889954 
1 0 0 0 1 
***********
nn output
0.0460499 0.00995113 0.966537 0.0409792 0.0315846 
0 0 1 0 0 
***********
nn output
0.976137 -0.00190352 -0.020012 -0.0808918 0.905786 
1 0 0 0 1 
***********
nn output
0.974886 0.0159546 0.0492457 -0.0521315 0.89841 
1 0 0 0 0.9 
***********
nn output
0.00603095 0.00715317 0.90534 0.0413081 0.06317 
0 0 1 0 0 
***********
nn output
0.968559 0.0179681 0.0856714 -0.0245718 0.869841 
1 0 0 0 0.9 
***********
nn output
0.000229106 0.00787575 0.905473 0.0519031 0.0630516 
0 0 1 0 0 
***********
nn output
0.044781 0.00905414 0.964616 0.053202 0.0299833 
0 0 1 0 0 
***********
nn output
0.954113 0.00922154 -0.0610307 -0.0627505 0.125494 
1 0 0 0 0.0175 
***********
nn output
0.951332 0.022024 0.12688 -0.0242256 0.897597 
1 0 0 0 0.875 
***********
nn output
-0.0645593 0.00747903 -0.187333 1 -0.0195246 
0 0 0 1 0 
***********
nn output
0.950292 0.0138997 -0.0463793 0.0215832 0.139801 
1 0 0 0 0.015 
***********
nn output
0.914687 0.00839782 0.043176 -0.00153475 0.348067 
1 0 0 0 0.18 
***********
nn output
0.917931 0.00787159 -0.00317263 0.00254918 0.187163 
1 0 0 0 0.1475 
***********
nn output
0.0651836 0.00107105 0.90192 -0.0299733 0.0589119 
0 0 1 0 0 
***********
nn output
0.981373 -0.000629243 -0.245947 0.104031 0.823682 
1 0 0 0 1 
***********
nn output
0.969811 -0.0018967 -0.167409 0.0559351 0.893965 
1 0 0 0 1 
***********
nn output
0.984798 0.0178798 -0.281332 0.0345361 0.866297 
1 0 0 0 0.875 
***********
nn output
0.955521 0.00799316 -0.130705 -0.0391365 0.111805 
1 0 0 0 0.02 
***********
nn output
0.91535 0.0199232 0.461424 -0.0508421 0.390887 
1 0 0 0 0.2325 
***********
nn output
0.965017 0.0175874 0.102298 -0.0165099 0.853762 
1 0 0 0 0.9 
***********
nn output
0.964932 -0.00635998 -0.231124 0.0625662 0.852343 
1 0 0 0 1 
***********
nn output
1 0.01798 -0.253709 -0.0192979 0.901464 
1 0 0 0 0.875 
***********
nn output
0.02041 0.00447408 0.908233 -0.0152134 0.0558436 
0 0 1 0 0 
***********
nn output
0.986109 0.000734237 -0.109752 -0.000282427 0.859147 
1 0 0 0 1 
***********
nn output
0.96812 -0.00808828 -0.101943 -0.065873 0.870714 
1 0 0 0 1 
***********
nn output
0.974459 -8.65902e-06 -0.431466 0.267742 0.773456 
1 0 0 0 1 
***********
nn output
0.968103 -0.00665666 -0.109521 -0.0435738 0.873331 
1 0 0 0 1 
***********
nn output
0.0523035 0.0117179 0.970694 0.0158862 0.0288441 
0 0 1 0 0 
***********
nn output
0.0600418 0.00270233 0.901791 -0.00450134 0.0569437 
0 0 1 0 0 
***********
nn output
-0.109302 0.0115398 1 -0.0593127 0.0189427 
0 0 1 0 0 
***********
nn output
0.954707 0.00739645 -0.0712039 -0.0871164 0.104957 
1 0 0 0 0.0175 
***********
nn output
0.975283 -0.00106875 -0.381707 0.212883 0.776046 
1 0 0 0 1 
***********
nn output
-0.0297284 0.00928662 0.91364 0.0292298 0.0547998 
0 0 1 0 0 
***********
nn output
-0.162013 0.0110073 1 -0.0373599 0.00633766 
0 0 1 0 0 
***********
nn output
0.0527486 0.00496516 0.88866 0.0581963 0.0594343 
0 0 1 0 0 
***********
nn output
-0.114736 0.00995991 1 0.0269967 0.0174176 
0 0 1 0 0 
***********
nn output
0.167665 -0.000403024 0.768665 0.105225 0.0680774 
0 0 1 0 0 
***********
nn output
0.953506 0.0067761 -0.156234 0.044709 0.334286 
1 0 0 0 0.2375 
***********
nn output
-0.055402 0.00730512 0.931915 -0.115659 0.0470136 
0 0 1 0 0 
***********
nn output
0.0402199 0.0110062 0.97415 -0.014644 0.0241123 
0 0 1 0 0 
***********
nn output
0.0565193 0.00193706 0.904572 -0.0305925 0.0527837 
0 0 1 0 0 
***********
nn output
0.0298269 0.00764407 0.968434 0.0194339 0.0198446 
0 0 1 0 0 
***********
nn output
0.0661292 0.00780208 0.820961 0.183032 0.0666983 
0 0 1 0 0 
***********
nn output
-0.0806918 0.0119017 -0.0605523 1 -0.00394844 
0 0 0 1 0 
***********
nn output
0.968849 -0.00700469 -0.0326375 -0.0948949 0.884416 
1 0 0 0 1 
***********
nn output
0.986757 0.0020274 -0.0688205 -0.0138929 0.868121 
1 0 0 0 1 
***********
nn output
0.967878 -0.00272984 -0.137068 0.0368156 0.884459 
1 0 0 0 1 
***********
nn output
0.973448 0.010287 -0.434195 0.0604926 0.498254 
1 0 0 0 0.3175 
***********
nn output
0.0751226 0.00233997 0.881829 0.0292101 0.05473 
0 0 1 0 0 
***********
nn output
0.951447 0.00967327 -0.283104 0.037159 0.316172 
1 0 0 0 0.205 
***********
nn output
0.959952 -0.00515542 -0.313228 0.161918 0.826743 
1 0 0 0 1 
***********
nn output
-0.0751845 0.980143 0.163463 -0.11615 -0.00519845 
0 1 0 0 0 
***********
nn output
0.0225262 0.00569379 0.905138 0.0255008 0.0545352 
0 0 1 0 0 
***********
nn output
0.941959 0.00811207 -0.170838 -0.0105016 0.262059 
1 0 0 0 0.1875 
***********
nn output
0.950345 0.0132607 0.00964697 -0.0310874 0.13067 
1 0 0 0 0.015 
***********
nn output
0.908622 0.00784664 0.0909512 -0.0172889 0.308563 
1 0 0 0 0.165 
***********
nn output
0.933043 0.00533296 0.0168408 -0.000134898 0.191986 
1 0 0 0 0.1575 
***********
nn output
0.123825 -0.00265257 0.880851 -0.0569972 0.0538806 
0 0 1 0 0 
***********
nn output
-0.123437 0.00999544 1 0.0159668 0.0140064 
0 0 1 0 0 
***********
nn output
0.969346 9.53685e-05 -0.145231 0.0666005 0.8967 
1 0 0 0 1 
***********
nn output
0.0437513 0.011408 0.974144 -0.0123884 0.0242925 
0 0 1 0 0 
***********
nn output
-0.0230587 0.00721142 0.918535 -0.0311281 0.0497971 
0 0 1 0 0 
***********
nn output
0.0300569 0.0131173 0.984523 -0.0894477 0.0211094 
0 0 1 0 0 
***********
nn output
-0.0459158 0.00891777 0.92229 -0.0256467 0.0497257 
0 0 1 0 0 
***********
nn output
0.916301 0.00415778 0.140893 -0.0113686 0.118551 
1 0 0 0 0.12 
***********
nn output
0.951919 0.0127904 -0.0345586 -0.0101776 0.132977 
1 0 0 0 0.0175 
***********
nn output
0.924935 0.00878522 -0.0359349 -0.00562563 0.382163 
1 0 0 0 0.1975 
***********
nn output
0.941235 0.00889205 -0.201317 0.0223572 0.267077 
1 0 0 0 0.1825 
***********
nn output
0.0627236 0.00332027 0.897477 0.025776 0.0546063 
0 0 1 0 0 
***********
nn output
0.9707 0.0102203 -0.41896 0.0464149 0.439683 
1 0 0 0 0.2775 
***********
nn output
0.0234374 0.0107377 0.85527 0.193935 0.0631345 
0 0 1 0 0 
***********
nn output
-0.0113773 0.980547 0.0141746 -0.0388162 0.00933234 
0 1 0 0 0 
***********
nn output
0.969499 -0.00338046 -0.0887554 -0.0233225 0.889704 
1 0 0 0 1 
***********
nn output
0.967089 0.0101983 -0.375172 0.0189823 0.384358 
1 0 0 0 0.2425 
***********
nn output
0.955951 0.00993689 -0.186015 0.0178985 0.104208 
1 0 0 0 0.0225 
***********
nn output
0.122409 0.0134159 -0.0896778 0.894382 -0.240478 
0 0 0 1 0 
***********
nn output
0.0803001 0.980677 -0.204335 0.0726371 0.0309092 
0 1 0 0 0 
***********
nn output
0.0911275 0.00101962 0.882855 -0.00181583 0.0586466 
0 0 1 0 0 
***********
nn output
0.989386 0.0187744 -0.312462 0.0399438 0.886019 
1 0 0 0 0.875 
***********
nn output
-0.00743475 0.00543239 0.917674 -0.0597525 0.0511454 
0 0 1 0 0 
***********
nn output
-0.134274 0.0107075 1 -0.0146973 0.0134009 
0 0 1 0 0 
***********
nn output
-0.0199913 0.00594272 0.921171 -0.0722091 0.0502634 
0 0 1 0 0 
***********
nn output
-0.136379 0.00998116 1 0.0264099 0.0130375 
0 0 1 0 0 
***********
nn output
0.0945897 0.00241426 0.853818 0.0556129 0.0616091 
0 0 1 0 0 
***********
nn output
0.971763 0.0106097 -0.419074 0.0479328 0.463528 
1 0 0 0 0.2925 
***********
nn output
0.972617 -0.0046471 0.00622598 -0.116765 0.901607 
1 0 0 0 1 
***********
nn output
0.0422483 0.980025 -0.0488275 -0.0358469 0.0206769 
0 1 0 0 0 
***********
nn output
0.0228733 0.00382963 0.91104 -0.0476702 0.0538353 
0 0 1 0 0 
***********
nn output
1 0.0183688 -0.231551 -0.0629831 0.907331 
1 0 0 0 0.875 
***********
nn output
0.972062 -0.00147612 -0.0763373 -0.021181 0.901427 
1 0 0 0 1 
***********
nn output
0.953916 0.00978449 -0.271177 0.00840745 0.323974 
1 0 0 0 0.2125 
***********
nn output
0.969339 -0.00741299 -0.0519109 -0.104076 0.879187 
1 0 0 0 1 
***********
nn output
0.0410224 0.0105809 0.971898 -0.00133405 0.0258606 
0 0 1 0 0 
***********
nn output
0.0386134 0.00520136 0.90291 0.0271407 0.0586727 
0 0 1 0 0 
***********
nn output
0.926796 0.00777389 -0.0630262 -0.0149468 0.200876 
1 0 0 0 0.155 
***********
nn output
0.0686233 0.00744278 0.831429 0.15844 0.0684155 
0 0 1 0 0 
***********
nn output
-0.11462 0.0113393 1 -0.0581782 0.0182106 
0 0 1 0 0 
***********
nn output
0.966296 -0.00101479 -0.229634 0.118075 0.871181 
1 0 0 0 1 
***********
nn output
0.971318 0.00555035 0.0145317 -0.0706079 0.0160458 
1 0 0 0 0.0125 
***********
nn output
0.952138 0.0101157 0.058665 -0.122059 0.128789 
1 0 0 0 0.015 
***********
nn output
0.0439741 0.0121609 0.976673 -0.0354812 0.0267235 
0 0 1 0 0 
***********
nn output
0.95241 0.0102781 -0.00527262 -0.0761191 0.123405 
1 0 0 0 0.015 
***********
nn output
0.956207 0.018925 0.0235621 -0.0144833 0.900937 
1 0 0 0 0.875 
***********
nn output
1 0.0190696 -0.345634 0.048071 0.899858 
1 0 0 0 0.875 
***********
nn output
0.059582 0.00440786 0.8925 0.0437259 0.0595922 
0 0 1 0 0 
***********
nn output
0.915229 0.00385758 0.153251 -0.0227405 0.111939 
1 0 0 0 0.1175 
***********
nn output
0.0069171 0.00676621 0.908787 0.0182924 0.0548329 
0 0 1 0 0 
***********
nn output
0.96867 0.0152852 0.00562632 0.00178042 0.858808 
1 0 0 0 0.9 
***********
nn output
0.0562828 0.00492549 0.892883 0.0511145 0.0590929 
0 0 1 0 0 
***********
nn output
0.0627558 0.0102689 -0.101974 0.985016 0.0406557 
0 0 0 1 0 
***********
nn output
0.968025 -0.00447581 -0.0842832 -0.0308884 0.880977 
1 0 0 0 1 
***********
nn output
0.043541 0.00906044 0.968385 0.0230119 0.0237741 
0 0 1 0 0 
***********
nn output
0.971458 7.70197e-05 -0.0895845 0.0184304 0.901909 
1 0 0 0 1 
***********
nn output
-0.0749734 0.980105 0.175117 -0.127719 -0.00374559 
0 1 0 0 0 
***********
nn output
0.968623 -0.00196359 -0.152435 0.0427509 0.885207 
1 0 0 0 1 
***********
nn output
1 0.0185554 -0.297961 0.00454627 0.902268 
1 0 0 0 0.875 
***********
nn output
0.952409 0.0102399 0.0206762 -0.0926282 0.128623 
1 0 0 0 0.015 
***********
nn output
0.909579 0.00705752 0.0975162 -0.0388507 0.305926 
1 0 0 0 0.1675 
***********
nn output
-0.110129 0.0100217 1 0.00217626 0.0187191 
0 0 1 0 0 
***********
nn output
0.971259 -0.00225793 -0.0739787 -0.0263266 0.900447 
1 0 0 0 1 
***********
nn output
0.974333 0.00742575 -0.251499 0.136698 -0.000337691 
1 0 0 0 0.02 
***********
nn output
0.967126 -0.00330459 -0.139338 0.0220752 0.874188 
1 0 0 0 1 
***********
nn output
0.00259776 0.980347 0.00750131 -0.048542 0.0132018 
0 1 0 0 0 
***********
nn output
0.0936998 0.0013973 0.88469 -0.00189873 0.0606506 
0 0 1 0 0 
***********
nn output
-0.155925 0.00999476 1 0.0470446 0.00974159 
0 0 1 0 0 
***********
nn output
-0.0325621 0.00931141 0.917292 0.00274363 0.0558818 
0 0 1 0 0 
***********
nn output
1 0.0191933 -0.310603 0.0103056 0.902974 
1 0 0 0 0.875 
***********
nn output
-0.00396527 0.00755578 0.911122 0.0128734 0.0562537 
0 0 1 0 0 
***********
nn output
0.0306678 0.0145004 0.988234 -0.121032 0.0243642 
0 0 1 0 0 
***********
nn output
0.974209 -0.00330828 0.0180374 -0.121969 0.903246 
1 0 0 0 1 
***********
nn output
0.0587427 0.0107989 -0.154641 0.988878 0.0397632 
0 0 0 1 0 
***********
nn output
0.95451 0.00798624 -0.0549515 -0.0883821 0.109291 
1 0 0 0 0.0175 
***********
nn output
-0.107729 0.00973539 1 0.025188 0.0192846 
0 0 1 0 0 
***********
nn output
0.967942 -0.00252422 -0.161221 0.0472856 0.880309 
1 0 0 0 1 
***********
nn output
-0.0595784 0.979901 0.169428 -0.139775 -0.0011005 
0 1 0 0 0 
***********
nn output
-0.00511652 0.00941558 0.905417 0.0800154 0.0610732 
0 0 1 0 0 
***********
nn output
0.0348812 0.0116974 0.978168 -0.0484943 0.0250783 
0 0 1 0 0 
***********
nn output
0.105103 -0.00109876 0.895274 -0.0512857 0.0580325 
0 0 1 0 0 
***********
nn output
1 0.0197941 -0.355857 0.0596063 0.900071 
1 0 0 0 0.875 
***********
nn output
0.0856723 0.00692077 0.809846 0.17479 0.071327 
0 0 1 0 0 
***********
nn output
0.053625 0.979767 -0.041894 -0.0549333 0.0234907 
0 1 0 0 0 
***********
nn output
0.966813 -0.00196413 -0.216522 0.088505 0.869771 
1 0 0 0 1 
***********
nn output
0.982319 0.00106792 -0.226636 0.0931728 0.828612 
1 0 0 0 1 
***********
nn output
0.0193854 0.00714364 0.90464 0.0435218 0.0616995 
0 0 1 0 0 
***********
nn output
0.0179039 0.0173936 -0.182704 1 0.0656639 
0 0 0 1 0 
***********
nn output
0.966187 -0.00566683 -0.190835 0.0304906 0.860065 
1 0 0 0 1 
***********
nn output
0.0383031 0.0114417 0.975482 -0.0269463 0.0261953 
0 0 1 0 0 
***********
nn output
0.95267 0.00954289 0.0494198 -0.125303 0.130879 
1 0 0 0 0.015 
***********
nn output
0.813098 0.0140769 0.560726 -0.0914159 0.184161 
1 0 0 0 0.12 
***********
nn output
0.943141 0.00952965 -0.19903 0.0122077 0.277797 
1 0 0 0 0.1875 
***********
nn output
0.0164701 0.00587132 0.907849 0.00711341 0.0571643 
0 0 1 0 0 
***********
nn output
-0.00283406 0.980343 0.00283729 -0.0435867 0.0130141 
0 1 0 0 0 
***********
nn output
0.054479 0.00684929 0.867735 0.103445 0.0679644 
0 0 1 0 0 
***********
nn output
-0.136779 0.0116878 1 -0.0229756 0.0158916 
0 0 1 0 0 
***********
nn output
0.951247 0.0126323 0.0345148 -0.0690487 0.135696 
1 0 0 0 0.015 
***********
nn output
0.0658776 0.00155618 0.747068 -0.00127294 -0.121577 
0 0 1 0 0 
***********
nn output
0.933654 0.00880646 -0.113722 -0.00733104 0.233076 
1 0 0 0 0.1675 
***********
nn output
0.0424462 0.00577142 0.900618 0.04847 0.0632779 
0 0 1 0 0 
***********
nn output
0.0481301 0.0109002 0.970291 0.011245 0.0296129 
0 0 1 0 0 
***********
nn output
0.0904768 -0.00224881 0.906807 -0.120405 0.0545974 
0 0 1 0 0 
***********
nn output
0.0603453 0.00990976 0.963105 0.0653502 0.0325436 
0 0 1 0 0 
***********
nn output
0.0873373 0.000814539 0.897368 -0.0236266 0.0603679 
0 0 1 0 0 
***********
nn output
1 0.0183218 -0.271524 -0.00945191 0.900768 
1 0 0 0 0.875 
***********
nn output
-0.00779947 0.0101553 0.904068 0.100474 0.0631749 
0 0 1 0 0 
***********
nn output
0.971521 0.00548742 -0.0513033 -0.0211614 0.0104088 
1 0 0 0 0.0125 
***********
nn output
0.96743 -0.00622154 -0.136408 -0.0222735 0.86719 
1 0 0 0 1 
***********
nn output
-0.0202492 0.979922 0.092005 -0.109376 0.00809997 
0 1 0 0 0 
***********
nn output
0.972427 -0.00500583 -0.0180041 -0.116231 0.900173 
1 0 0 0 1 
***********
nn output
0.0495955 0.0115774 0.971086 0.00541416 0.0309443 
0 0 1 0 0 
***********
nn output
0.00957203 0.00451609 0.914842 -0.0638368 0.0555343 
0 0 1 0 0 
***********
nn output
0.0521595 0.0111896 0.969244 0.0188509 0.0314373 
0 0 1 0 0 
***********
nn output
0.961206 -0.00371219 -0.371321 0.197937 0.827003 
1 0 0 0 1 
***********
nn output
0.0386452 0.0114092 0.975302 -0.0288844 0.0276618 
0 0 1 0 0 
***********
nn output
0.97025 -0.0030361 -0.0934635 -0.0264389 0.891238 
1 0 0 0 1 
***********
nn output
0.0518129 0.0128439 0.974739 -0.0189823 0.0315933 
0 0 1 0 0 
***********
nn output
-0.0212704 0.0106728 0.90768 0.0846372 0.0624737 
0 0 1 0 0 
***********
nn output
0.0533021 0.00981721 0.965548 0.0440741 0.0307525 
0 0 1 0 0 
***********
nn output
0.95123 0.0130036 0.0168624 -0.0484934 0.136529 
1 0 0 0 0.015 
***********
nn output
0.0794346 0.000934707 0.728756 0.0134739 -0.121595 
0 0 1 0 0 
***********
nn output
0.0359049 0.0109857 0.976031 -0.0353041 0.0262882 
0 0 1 0 0 
***********
nn output
0.953373 0.00856127 0.0547611 -0.145866 0.129409 
1 0 0 0 0.015 
***********
nn output
0.921621 0.00762009 -0.0299046 -0.0105196 0.189934 
1 0 0 0 0.15 
***********
nn output
0.973809 -0.00244147 -0.0222021 -0.0803445 0.902813 
1 0 0 0 1 
***********
nn output
0.971141 0.00620378 -0.0137542 -0.0381648 0.018179 
1 0 0 0 0.0125 
***********
nn output
0.9664 -0.00326344 -0.191397 0.0580029 0.865482 
1 0 0 0 1 
***********
nn output
0.0227501 0.980075 0.00109325 -0.0631389 0.0185742 
0 1 0 0 0 
***********
nn output
0.965044 -0.00485412 -0.24194 0.0738504 0.849502 
1 0 0 0 1 
***********
nn output
0.0258851 0.0162307 -0.204765 1 0.0588639 
0 0 0 1 0 
***********
nn output
0.00944473 0.00965927 0.900723 0.113208 0.0659331 
0 0 1 0 0 
***********
nn output
-0.106038 0.0113995 1 -0.0324367 0.022487 
0 0 1 0 0 
***********
nn output
0.0572801 -4.69627e-05 0.911403 -0.111494 0.0536603 
0 0 1 0 0 
***********
nn output
0.972934 0.0158535 -0.0145206 -0.00128509 0.87749 
1 0 0 0 0.9 
***********
nn output
0.952939 0.00985387 0.0285241 -0.107523 0.131197 
1 0 0 0 0.015 
***********
nn output
0.851966 0.0149269 0.534812 -0.0816873 0.216661 
1 0 0 0 0.135 
***********
nn output
1 0.0193852 -0.2943 -0.00409435 0.904413 
1 0 0 0 0.875 
***********
nn output
0.97069 -0.004976 -0.0441308 -0.0854567 0.891225 
1 0 0 0 1 
***********
nn output
0.0359438 0.0126707 0.980518 -0.0638151 0.0260404 
0 0 1 0 0 
***********
nn output
0.105004 0.00644895 0.789576 0.18963 0.0745483 
0 0 1 0 0 
***********
nn output
0.94635 0.00954033 -0.216352 0.00640411 0.291018 
1 0 0 0 0.195 
***********
nn output
0.966949 -0.00467377 -0.155534 0.0130522 0.866507 
1 0 0 0 1 
***********
nn output
0.968768 0.0164183 0.0420187 -0.0138525 0.863409 
1 0 0 0 0.9 
***********
nn output
0.969253 -0.00306819 -0.0935613 -0.0203789 0.885719 
1 0 0 0 1 
***********
nn output
1 0.0183054 -0.261411 -0.0155262 0.900526 
1 0 0 0 0.875 
***********
nn output
-0.0292043 0.00679852 0.925759 -0.0897724 0.0519872 
0 0 1 0 0 
***********
nn output
-0.103784 0.0108613 1 -0.0158758 0.0210902 
0 0 1 0 0 
***********
nn output
0.183484 0.000551426 0.744913 0.143422 0.0744701 
0 0 1 0 0 
***********
nn output
0.0649029 0.00968952 -0.195645 0.989921 0.0307894 
0 0 0 1 0 
***********
nn output
0.953937 0.00962439 -0.0653109 -0.0526392 0.114765 
1 0 0 0 0.0175 
***********
nn output
-0.133719 0.010224 1 0.00182625 0.0135566 
0 0 1 0 0 
***********
nn output
0.158007 0.000531748 0.780694 0.107785 0.0693936 
0 0 1 0 0 
***********
nn output
0.0710199 0.00797222 -0.335337 1 0.00751748 
0 0 0 1 0 
***********
nn output
-0.0399154 0.00785724 0.923141 -0.0472077 0.0511617 
0 0 1 0 0 
***********
nn output
0.985601 0.0176306 -0.29809 0.0413917 0.86779 
1 0 0 0 0.875 
***********
nn output
0.0597501 0.00389296 0.892436 0.0418191 0.0585583 
0 0 1 0 0 
***********
nn output
0.970489 0.00716502 -0.0589992 0.0183738 0.0124935 
1 0 0 0 0.0125 
***********
nn output
0.965483 -0.00368949 -0.18169 0.061076 0.864313 
1 0 0 0 1 
***********
nn output
-0.0668585 0.00985067 -0.0605859 0.988641 -0.0109489 
0 0 0 1 0 
***********
nn output
0.00285737 0.0101727 0.891138 0.148692 0.060876 
0 0 1 0 0 
***********
nn output
0.0516895 0.01101 -0.10663 0.987668 0.0460272 
0 0 0 1 0 
***********
nn output
0.021989 0.00586487 0.902499 0.0561018 0.0546569 
0 0 1 0 0 
***********
nn output
0.0342843 0.010637 0.977074 -0.0337902 0.0214304 
0 0 1 0 0 
***********
nn output
0.0445657 0.00308203 0.902741 0.0100233 0.0526068 
0 0 1 0 0 
***********
nn output
0.045918 0.0100322 0.971209 0.011057 0.0243679 
0 0 1 0 0 
***********
nn output
0.968121 -0.00213937 -0.146519 0.0576366 0.888772 
1 0 0 0 1 
***********
nn output
0.969106 0.0142467 -0.0128844 0.0181139 0.859678 
1 0 0 0 0.9 
***********
nn output
0.045951 0.00355634 0.901205 0.0281531 0.0533506 
0 0 1 0 0 
***********
nn output
0.0376516 0.0129908 -0.171256 1 0.0448515 
0 0 0 1 0 
***********
nn output
0.0581443 0.00348043 0.879089 0.0610292 0.0548676 
0 0 1 0 0 
***********
nn output
-0.0394823 0.980175 0.0804893 -0.0754626 0.00147253 
0 1 0 0 0 
***********
nn output
0.017791 0.00741829 0.893508 0.10481 0.0579825 
0 0 1 0 0 
***********
nn output
0.0306817 0.0108538 0.978653 -0.0445081 0.0211188 
0 0 1 0 0 
***********
nn output
-0.032582 0.00623485 0.139838 0.723283 0.0205993 
0 0 0 1 0 
***********
nn output
0.0145349 0.00853413 0.97827 -0.046621 0.0152993 
0 0 1 0 0 
***********
nn output
0.163992 -0.00233017 0.776744 0.0806064 0.062575 
0 0 1 0 0 
***********
nn output
0.971358 0.00641508 -0.146112 0.082245 0.00490557 
1 0 0 0 0.015 
***********
nn output
0.0447202 0.00402612 0.888376 0.0599705 0.0547565 
0 0 1 0 0 
***********
nn output
0.935182 0.00422866 -0.00493308 0.0081005 0.20218 
1 0 0 0 0.1625 
***********
nn output
0.148745 -0.000561832 0.777988 0.107532 0.0628894 
0 0 1 0 0 
***********
nn output
0.977168 -0.00170431 -0.298128 0.152849 0.794138 
1 0 0 0 1 
***********
nn output
0.968487 -0.00447941 -0.0969298 -0.00393545 0.889552 
1 0 0 0 1 
***********
nn output
0.0380865 0.00795976 0.968067 0.0318084 0.0207762 
0 0 1 0 0 
***********
nn output
0.0861925 0.00501717 0.803923 0.17017 0.0631012 
0 0 1 0 0 
***********
nn output
0.0306385 0.0102157 0.977664 -0.0371247 0.0195542 
0 0 1 0 0 
***********
nn output
0.951665 0.00840112 -0.0050849 -0.0804686 0.11493 
1 0 0 0 0.015 
***********
nn output
0.966585 0.0139967 0.0578931 -0.0159552 0.857904 
1 0 0 0 0.9 
***********
nn output
0.951724 0.00831275 0.00531355 -0.0892092 0.115704 
1 0 0 0 0.015 
***********
nn output
0.887834 0.0136315 0.507416 -0.0737738 0.235283 
1 0 0 0 0.1475 
***********
nn output
-0.145724 0.00802235 1 0.0535647 0.00703442 
0 0 1 0 0 
***********
nn output
-0.0317344 0.00906972 0.910795 0.0631465 0.0508746 
0 0 1 0 0 
***********
nn output
-0.131219 0.00901743 1 -0.0245605 0.00978004 
0 0 1 0 0 
***********
nn output
0.9591 -0.00710453 -0.308236 0.152165 0.822324 
1 0 0 0 1 
***********
nn output
0.950356 0.00739977 -0.253567 0.0115938 0.301317 
1 0 0 0 0.205 
***********
nn output
0.104876 -0.00138529 0.869396 -0.00508842 0.0515753 
0 0 1 0 0 
***********
nn output
0.978658 -0.000840142 -0.249753 0.12139 0.806126 
1 0 0 0 1 
***********
nn output
0.967541 -0.00238542 -0.136775 0.055917 0.887846 
1 0 0 0 1 
***********
nn output
0.0403722 0.00980276 0.973536 -0.00579559 0.0208096 
0 0 1 0 0 
***********
nn output
-0.012239 0.00533366 0.916189 -0.030662 0.0457638 
0 0 1 0 0 
***********
nn output
0.982123 -0.000767918 -0.145987 0.0323047 0.830722 
1 0 0 0 1 
***********
nn output
0.967311 -0.00775256 -0.0306107 -0.0879636 0.877898 
1 0 0 0 1 
***********
nn output
0.972317 0.00579034 -0.143938 0.0604093 -0.00634381 
1 0 0 0 0.015 
***********
nn output
0.971421 -0.00246053 -0.0236516 -0.0419408 0.902406 
1 0 0 0 1 
***********
nn output
-0.0988969 0.0087906 1 -0.0305058 0.0155681 
0 0 1 0 0 
***********
nn output
0.121335 -0.00405968 0.883692 -0.0643665 0.0471862 
0 0 1 0 0 
***********
nn output
0.963865 0.014711 -0.0121146 0.0534489 0.832636 
1 0 0 0 0.9 
***********
nn output
0.0126034 0.00438135 0.9098 -0.00654144 0.0460401 
0 0 1 0 0 
***********
nn output
1 0.0150726 -0.216761 -0.0699642 0.904866 
1 0 0 0 0.875 
***********
nn output
0.0753424 0.00397988 0.8449 0.10978 0.0555218 
0 0 1 0 0 
***********
nn output
0.0514758 0.0108576 -0.178111 1 0.0299384 
0 0 0 1 0 
***********
nn output
-0.0403023 0.00706868 0.921959 -0.0357151 0.0432715 
0 0 1 0 0 
***********
nn output
1 0.0154801 -0.265357 -0.0192627 0.902024 
1 0 0 0 0.875 
***********
nn output
0.953215 0.00651271 -0.00241749 -0.117124 0.106052 
1 0 0 0 0.0175 
***********
nn output
-0.0619443 0.00752293 -0.111374 1 -0.0309472 
0 0 0 1 0 
***********
nn output
0.036737 0.00425403 0.893398 0.0666546 0.0483339 
0 0 1 0 0 
***********
nn output
0.972801 0.00668692 -0.228766 0.138233 -0.00982326 
1 0 0 0 0.0175 
***********
nn output
0.0297198 0.00469487 0.899055 0.0673068 0.047739 
0 0 1 0 0 
***********
nn output
0.0526539 0.98055 -0.146211 0.0493566 0.019994 
0 1 0 0 0 
***********
nn output
0.952315 0.0087956 -0.0377545 -0.0540559 0.114289 
1 0 0 0 0.0175 
***********
nn output
0.132291 0.0134614 0.0273617 0.85627 -0.223019 
0 0 0 1 0 
***********
nn output
-0.134301 0.00850935 1 -0.0368009 0.00667078 
0 0 1 0 0 
***********
nn output
0.949439 0.010732 0.0360457 -0.0592146 0.120081 
1 0 0 0 0.015 
***********
nn output
0.960141 0.0152262 -0.0405047 -0.00491971 0.903232 
1 0 0 0 0.875 
***********
nn output
0.970976 0.00919275 -0.444334 0.0673728 0.428388 
1 0 0 0 0.265 
***********
nn output
0.028082 0.00526091 0.890581 0.0860995 0.0499419 
0 0 1 0 0 
***********
nn output
0.0607491 0.00944463 0.966064 0.0560891 0.0249239 
0 0 1 0 0 
***********
nn output
0.148908 -0.00441466 0.824772 0.00210811 0.0505817 
0 0 1 0 0 
***********
nn output
0.0356317 0.0125628 -0.172849 1 0.0398113 
0 0 0 1 0 
***********
nn output
0.953354 0.00795327 -0.230855 0.0641662 0.0884965 
1 0 0 0 0.025 
***********
nn output
0.919848 0.0298411 0.565676 -0.0131244 0.835088 
1 0 0 0 0.9 
***********
nn output
-0.0577214 0.00520194 -0.174172 1 -0.0387161 
0 0 0 1 0 
***********
nn output
0.953731 0.00688756 -0.168482 0.0073507 0.0920274 
1 0 0 0 0.0225 
***********
nn output
1 0.0153547 -0.299838 0.014307 0.902021 
1 0 0 0 0.875 
***********
nn output
-0.051015 0.00510255 0.929092 -0.102536 0.0372818 
0 0 1 0 0 
***********
nn output
0.0420138 0.0106514 -0.256872 1 0.0241525 
0 0 0 1 0 
***********
nn output
0.970175 -0.00472252 -0.0178144 -0.0441236 0.902058 
1 0 0 0 1 
***********
nn output
-0.0469863 0.980176 0.0621802 -0.0506585 -0.00375124 
0 1 0 0 0 
***********
nn output
0.971766 -0.00499416 0.0138006 -0.0808186 0.903429 
1 0 0 0 1 
***********
nn output
0.0280715 0.0105056 0.981637 -0.0593728 0.0159826 
0 0 1 0 0 
***********
nn output
-0.0514313 0.0055299 0.926502 -0.0794942 0.0391182 
0 0 1 0 0 
***********
nn output
0.977088 -0.00204075 -0.281378 0.153687 0.799256 
1 0 0 0 1 
***********
nn output
0.967199 -0.00605715 -0.0875341 -0.00448353 0.887074 
1 0 0 0 1 
***********
nn output
-0.0532515 0.979746 0.125546 -0.104756 -0.00635578 
0 1 0 0 0 
***********
nn output
0.0450141 0.000219373 0.904339 -0.0318966 0.043606 
0 0 1 0 0 
***********
nn output
0.00067211 0.979767 0.0158927 -0.057619 0.00566074 
0 1 0 0 0 
***********
nn output
0.0758493 0.00408864 0.816884 0.146911 0.0589114 
0 0 1 0 0 
***********
nn output
-0.138619 0.00825607 1 0.0205006 0.00804329 
0 0 1 0 0 
***********
nn output
0.0458122 -0.00181647 0.910474 -0.107034 0.0412611 
0 0 1 0 0 
***********
nn output
0.0551026 0.979616 -0.0810891 -0.0214823 0.0180828 
0 1 0 0 0 
***********
nn output
0.0636943 0.00484607 0.828804 0.142701 0.05997 
0 0 1 0 0 
***********
nn output
0.0206765 0.979634 -0.016219 -0.0510036 0.0113541 
0 1 0 0 0 
***********
nn output
0.0652182 0.00172267 0.875471 0.0357206 0.0553308 
0 0 1 0 0 
***********
nn output
0.982433 -0.00186026 -0.171 0.045458 0.834442 
1 0 0 0 1 
***********
nn output
0.964985 -0.00644338 -0.19406 0.0576263 0.863001 
1 0 0 0 1 
***********
nn output
-0.0685516 0.00715923 -0.11959 1 -0.0181148 
0 0 0 1 0 
***********
nn output
0.0606821 0.00550111 0.822687 0.158324 0.0614579 
0 0 1 0 0 
***********
nn output
0.987237 0.0158504 -0.237727 -0.00799407 0.889025 
1 0 0 0 0.875 
***********
nn output
0.0322018 0.00338139 0.900608 0.033928 0.0517885 
0 0 1 0 0 
***********
nn output
1 0.0161413 -0.230062 -0.0354477 0.90339 
1 0 0 0 0.875 
***********
nn output
0.0102229 0.00587877 0.900789 0.0736104 0.0530206 
0 0 1 0 0 
***********
nn output
-0.0733782 0.979727 0.144866 -0.110707 -0.00736997 
0 1 0 0 0 
***********
nn output
0.0285978 0.00530237 0.884215 0.0826967 0.0567026 
0 0 1 0 0 
***********
nn output
0.915277 0.00332176 0.165677 -0.0160824 0.116687 
1 0 0 0 0.12 
***********
nn output
-0.0237715 0.00543958 0.915072 -0.0275776 0.0481045 
0 0 1 0 0 
***********
nn output
-0.175094 0.00967653 1 0.0118676 0.00283777 
0 0 1 0 0 
***********
nn output
-0.0451988 0.00579277 0.92308 -0.0712334 0.0458186 
0 0 1 0 0 
***********
nn output
0.0316681 0.0089232 0.971403 0.0118415 0.0211238 
0 0 1 0 0 
***********
nn output
0.110514 -7.05634e-05 0.822002 0.0654409 0.0590963 
0 0 1 0 0 
***********
nn output
0.0377293 0.00891829 0.96934 0.0283288 0.0227564 
0 0 1 0 0 
***********
nn output
0.950978 0.00909898 0.00571699 -0.071041 0.125716 
1 0 0 0 0.015 
***********
nn output
0.905253 0.00577041 0.140311 -0.0388415 0.287502 
1 0 0 0 0.16 
***********
nn output
0.0359627 0.00844362 0.969046 0.0289526 0.0219654 
0 0 1 0 0 
***********
nn output
-0.04934 0.00538806 0.926295 -0.0954273 0.0442773 
0 0 1 0 0 
***********
nn output
0.986257 0.0164308 -0.276726 0.0280135 0.877831 
1 0 0 0 0.875 
***********
nn output
0.0773854 0.000636921 0.868303 0.0273243 0.0543747 
0 0 1 0 0 
***********
nn output
0.986135 0.0170781 -0.31826 0.0643757 0.870887 
1 0 0 0 0.875 
***********
nn output
0.962104 -0.0067971 -0.266992 0.118365 0.844072 
1 0 0 0 1 
***********
nn output
-0.00868199 0.979919 0.0123861 -0.0502509 0.00644157 
0 1 0 0 0 
***********
nn output
0.97231 -0.00479386 -0.0261152 -0.0723268 0.902504 
1 0 0 0 1 
***********
nn output
0.908221 0.00282117 0.224264 -0.0264199 0.0877484 
1 0 0 0 0.1075 
***********
nn output
0.963567 -0.00428663 -0.261869 0.136011 0.85666 
1 0 0 0 1 
***********
nn output
0.931943 0.00727772 -0.105153 0.00120072 0.224455 
1 0 0 0 0.165 
***********
nn output
-0.0389011 0.00722926 0.916692 -0.00948364 0.0494868 
0 0 1 0 0 
***********
nn output
0.0174511 0.00843912 0.975369 -0.0234763 0.017171 
0 0 1 0 0 
***********
nn output
0.949829 0.0116142 0.000784476 -0.0306672 0.128641 
1 0 0 0 0.015 
***********
nn output
0.904556 0.00637791 0.129715 -0.0228124 0.289935 
1 0 0 0 0.1575 
***********
nn output
-0.0388397 0.979759 0.0945913 -0.09727 7.82784e-05 
0 1 0 0 0 
***********
nn output
0.182078 -0.000344261 0.712628 0.177214 0.0728496 
0 0 1 0 0 
***********
nn output
0.030662 0.0122612 0.98117 -0.0578306 0.0234558 
0 0 1 0 0 
***********
nn output
-0.0265439 0.0054661 0.917663 -0.0465147 0.049242 
0 0 1 0 0 
***********
nn output
0.972628 0.00375082 -0.152543 0.0444207 -0.00235228 
1 0 0 0 0.015 
***********
nn output
-0.0540176 0.00511089 0.22867 0.690872 0.0166742 
0 0 0 1 0 
***********
nn output
0.972303 0.00409387 -0.175354 0.0713199 -0.00336282 
1 0 0 0 0.015 
***********
nn output
0.0670856 0.00497993 0.825207 0.142192 0.0630566 
0 0 1 0 0 
***********
nn output
0.0266898 0.00973334 0.97582 -0.0226483 0.0206783 
0 0 1 0 0 
***********
nn output
0.124135 -0.00125056 0.818429 0.0487532 0.0597809 
0 0 1 0 0 
***********
nn output
0.926519 0.00638586 -0.0594667 -0.0097547 0.199386 
1 0 0 0 0.155 
***********
nn output
0.159038 0.00165498 0.715192 0.211075 0.0718614 
0 0 1 0 0 
***********
nn output
1 0.0158715 -0.210599 -0.0586257 0.903869 
1 0 0 0 0.875 
***********
nn output
0.953765 0.00884239 -0.128809 -0.00288135 0.11528 
1 0 0 0 0.02 
***********
nn output
0.916199 0.0176396 0.409642 -0.0376302 0.373438 
1 0 0 0 0.2175 
***********
nn output
0.985887 0.0165939 -0.279359 0.0300252 0.875044 
1 0 0 0 0.875 
***********
nn output
0.0960907 0.000810611 0.838452 0.0602154 0.0584932 
0 0 1 0 0 
***********
nn output
0.932849 0.00652152 -0.109272 -0.00724823 0.224044 
1 0 0 0 0.1675 
***********
nn output
0.951777 0.0137909 -0.195494 0.126562 0.12739 
1 0 0 0 0.02 
***********
nn output
0.957337 0.0184592 -0.0807668 0.070239 0.900309 
1 0 0 0 0.875 
***********
nn output
0.91434 0.00588553 0.0130966 0.00389834 0.167256 
1 0 0 0 0.1425 
***********
nn output
0.952846 0.00829999 -0.0522559 -0.0565244 0.119085 
1 0 0 0 0.0175 
***********
nn output
0.906506 0.0154988 0.472854 -0.0665964 0.283001 
1 0 0 0 0.1675 
***********
nn output
0.972653 0.00357074 -0.110855 0.0110304 0.00121687 
1 0 0 0 0.015 
***********
nn output
0.0904396 0.00011624 0.86163 0.0231719 0.0552398 
0 0 1 0 0 
***********
nn output
-0.0112433 0.980237 -0.0129791 -0.0242592 0.00750935 
0 1 0 0 0 
***********
nn output
0.0359085 0.00425913 0.897018 0.0476607 0.0560114 
0 0 1 0 0 
***********
nn output
0.978382 0.0161808 -0.275881 0.0562012 0.834721 
1 0 0 0 0.875 
***********
nn output
0.952405 0.00713994 0.0381372 -0.134369 0.124401 
1 0 0 0 0.015 
***********
nn output
0.925212 0.0292091 0.605538 -0.111229 0.874832 
1 0 0 0 0.9 
***********
nn output
0.972169 0.0046838 -0.133494 0.0431509 0.0037086 
1 0 0 0 0.015 
***********
nn output
0.959856 -0.00806039 -0.339496 0.153298 0.821628 
1 0 0 0 1 
***********
nn output
0.970825 0.00984037 -0.413644 0.0497063 0.449394 
1 0 0 0 0.2825 
***********
nn output
0.0640949 0.00306142 0.869554 0.0583262 0.0574801 
0 0 1 0 0 
***********
nn output
0.0423994 0.00980487 0.970772 0.0140836 0.0245202 
0 0 1 0 0 
***********
nn output
0.0783244 -0.0014898 0.90208 -0.0622006 0.0502458 
0 0 1 0 0 
***********
nn output
0.0332401 0.0097614 0.974227 -0.0137056 0.0219229 
0 0 1 0 0 
***********
nn output
0.119274 0.000493694 0.810892 0.0831304 0.0615146 
0 0 1 0 0 
***********
nn output
-0.0452953 0.979485 0.146577 -0.138865 -0.00235815 
0 1 0 0 0 
***********
nn output
0.95366 0.00770579 -0.0854126 -0.0559484 0.110044 
1 0 0 0 0.0175 
***********
nn output
0.949613 0.0208538 0.126184 -0.0191833 0.887576 
1 0 0 0 0.875 
***********
nn output
0.972653 0.00398404 -0.124955 0.0225633 0.00225964 
1 0 0 0 0.015 
***********
nn output
0.0607861 0.00112746 0.901087 -0.0161494 0.053889 
0 0 1 0 0 
***********
nn output
1 0.0167329 -0.231835 -0.0522038 0.905355 
1 0 0 0 0.875 
***********
nn output
0.969368 -0.00429683 -0.0863283 -0.0201869 0.893877 
1 0 0 0 1 
***********
nn output
0.0179427 0.979264 0.0440854 -0.105935 0.0112238 
0 1 0 0 0 
***********
nn output
0.969057 -0.0035008 -0.125394 0.0152148 0.890912 
1 0 0 0 1 
***********
nn output
0.0432822 0.0113585 0.974259 -0.0117684 0.0272759 
0 0 1 0 0 
***********
nn output
-0.0300149 0.00916106 0.908333 0.0667827 0.0563074 
0 0 1 0 0 
***********
nn output
0.0538043 0.0088554 -0.289021 1 0.0272963 
0 0 0 1 0 
***********
nn output
0.969308 -0.00170365 -0.172775 0.0762363 0.896391 
1 0 0 0 1 
***********
nn output
-0.14833 0.00970785 1 0.0132044 0.0106986 
0 0 1 0 0 
***********
nn output
0.0721645 0.00377663 0.843541 0.0976571 0.0623703 
0 0 1 0 0 
***********
nn output
1 0.0174647 -0.284255 0.00372594 0.901968 
1 0 0 0 0.875 
***********
nn output
0.950991 0.0100397 0.0208895 -0.0774101 0.128825 
1 0 0 0 0.015 
***********
nn output
0.824035 0.0125956 0.540375 -0.0738555 0.194185 
1 0 0 0 0.1225 
***********
nn output
0.919091 0.00654463 -0.0208877 0.00214987 0.182741 
1 0 0 0 0.1475 
***********
nn output
0.952562 0.00749713 -0.00946298 -0.101309 0.118 
1 0 0 0 0.015 
***********
nn output
0.264269 0.0147499 0.901545 -0.0853603 -0.127602 
0 0 1 0 0 
***********
nn output
0.0272711 0.979624 -0.019952 -0.056053 0.015048 
0 1 0 0 0 
***********
nn output
0.955966 0.00941289 -0.277427 0.0862287 0.107437 
1 0 0 0 0.0275 
***********
nn output
0.923565 0.0217017 0.384713 0.0315969 0.55451 
1 0 0 0 0.37 
***********
nn output
0.934784 0.00789173 -0.134003 0.00583987 0.239159 
1 0 0 0 0.17 
***********
nn output
0.952696 0.007531 0.0388307 -0.134516 0.127697 
1 0 0 0 0.015 
***********
nn output
0.969986 0.0101286 -0.404523 0.0420062 0.429557 
1 0 0 0 0.2675 
***********
nn output
0.973103 -0.00455094 -0.025685 -0.0831784 0.902647 
1 0 0 0 1 
***********
nn output
0.933294 0.00503095 0.00743677 0.00959028 0.198471 
1 0 0 0 0.1575 
***********
nn output
0.0445074 0.00447371 0.889378 0.0554395 0.0592846 
0 0 1 0 0 
***********
nn output
0.969193 0.0151856 0.0489636 -0.0190662 0.869418 
1 0 0 0 0.9 
***********
nn output
0.956772 -0.00900008 -0.444076 0.221926 0.794792 
1 0 0 0 1 
***********
nn output
0.973033 0.013816 0.0415093 -0.0482618 0.888915 
1 0 0 0 0.9 
***********
nn output
0.0618373 0.000410338 0.90403 -0.0487256 0.0529006 
0 0 1 0 0 
***********
nn output
-0.148817 0.00956996 1 0.0305292 0.0103065 
0 0 1 0 0 
***********
nn output
0.970424 -0.00161264 -0.132906 0.040851 0.900449 
1 0 0 0 1 
***********
nn output
0.988189 0.0178506 -0.32173 0.0525631 0.879311 
1 0 0 0 0.875 
***********
nn output
0.0732262 0.00611222 0.818343 0.161454 0.0667116 
0 0 1 0 0 
***********
nn output
0.971701 0.0108384 -0.434984 0.0592049 0.438291 
1 0 0 0 0.2675 
***********
nn output
0.0264906 0.00262785 0.90898 -0.042705 0.0509704 
0 0 1 0 0 
***********
nn output
-0.161346 0.00784534 0.986246 0.15696 0.00934475 
0 0 1 0 0 
***********
nn output
0.954744 0.00834152 -0.103576 -0.0404909 0.115239 
1 0 0 0 0.02 
***********
nn output
-0.00645944 0.979467 0.081947 -0.115636 0.00695713 
0 1 0 0 0 
***********
nn output
0.954721 0.00908636 -0.116351 -0.0231935 0.11869 
1 0 0 0 0.02 
***********
nn output
0.137877 0.0128206 -0.0405966 0.873415 -0.221585 
0 0 0 1 0 
***********
nn output
-0.00381231 0.00264506 0.958873 0.104097 0.0121782 
0 0 1 0 0 
***********
nn output
0.954432 0.00648784 -0.0713708 -0.0879978 0.107719 
1 0 0 0 0.0175 
***********
nn output
-0.0410387 0.979705 0.113408 -0.113784 0.000935087 
0 1 0 0 0 
***********
nn output
0.063485 0.00222397 0.892122 0.0133227 0.0592652 
0 0 1 0 0 
***********
nn output
0.923811 0.00444961 0.09409 -0.00937865 0.154767 
1 0 0 0 0.1375 
***********
nn output
0.967144 -0.00281867 -0.200996 0.0844164 0.877713 
1 0 0 0 1 
***********
nn output
0.947926 0.00963963 -0.24726 0.0315263 0.304941 
1 0 0 0 0.1975 
***********
nn output
0.0867108 0.00376911 0.830519 0.107022 0.0661232 
0 0 1 0 0 
***********
nn output
0.0377237 0.0122131 -0.165545 1 0.0541458 
0 0 0 1 0 
***********
nn output
0.0180314 0.00407966 0.906772 -0.00518838 0.054353 
0 0 1 0 0 
***********
nn output
0.970257 0.00506849 -0.0170147 -0.0306556 0.0169901 
1 0 0 0 0.0125 
***********
nn output
0.954072 0.00745201 -0.0891526 -0.0600327 0.110862 
1 0 0 0 0.0175 
***********
nn output
0.971361 0.00409935 -0.0821582 0.000991663 0.00682548 
1 0 0 0 0.0125 
***********
nn output
0.964364 -0.00419528 -0.267202 0.128354 0.857437 
1 0 0 0 1 
***********
nn output
0.978856 -0.00191306 -0.293451 0.13745 0.804683 
1 0 0 0 1 
***********
nn output
0.967424 -0.00367441 -0.174556 0.0562147 0.879545 
1 0 0 0 1 
***********
nn output
0.938759 0.00496283 -0.030146 0.00705117 0.219633 
1 0 0 0 0.17 
***********
nn output
0.969912 -0.00491701 -0.0812028 -0.0363959 0.894048 
1 0 0 0 1 
***********
nn output
-0.128036 0.0100106 1 -0.00554594 0.0146728 
0 0 1 0 0 
***********
nn output
0.126174 -0.0014289 0.837133 0.017232 0.0602718 
0 0 1 0 0 
***********
nn output
0.0221957 0.00961275 0.977833 -0.0461436 0.0196218 
0 0 1 0 0 
***********
nn output
0.199792 -2.92486e-05 0.688567 0.206037 0.0760427 
0 0 1 0 0 
***********
nn output
0.98898 0.0171115 -0.289528 0.0191648 0.888639 
1 0 0 0 0.875 
***********
nn output
0.970395 -0.00340702 -0.109833 0.00240033 0.899286 
1 0 0 0 1 
***********
nn output
0.91968 0.00632471 -0.022599 -0.00444244 0.181054 
1 0 0 0 0.1475 
***********
nn output
-0.0217794 0.00421575 0.923585 -0.107683 0.0472987 
0 0 1 0 0 
***********
nn output
0.98012 -0.00140999 -0.253071 0.107797 0.814303 
1 0 0 0 1 
***********
nn output
0.964726 -0.006753 -0.209603 0.0522276 0.855076 
1 0 0 0 1 
***********
nn output
-0.0852161 0.979713 0.195122 -0.1445 -0.00792982 
0 1 0 0 0 
***********
nn output
0.953112 0.0103669 -0.0725286 -0.0242694 0.127455 
1 0 0 0 0.0175 
***********
nn output
0.930823 0.0082219 -0.0674021 -0.0129063 0.410233 
1 0 0 0 0.2125 
***********
nn output
0.0468162 0.00271951 0.948349 0.168846 0.0250734 
0 0 1 0 0 
***********
nn output
0.14872 0.00083827 0.769146 0.127644 0.0694212 
0 0 1 0 0 
***********
nn output
0.0457188 0.0110235 0.973106 -0.005156 0.0270487 
0 0 1 0 0 
***********
nn output
0.95283 0.00799144 0.0199136 -0.118369 0.12557 
1 0 0 0 0.015 
***********
nn output
0.0490761 0.00700019 0.960339 0.0829555 0.026318 
0 0 1 0 0 
***********
nn output
0.148016 0.00119602 0.764072 0.140624 0.0698865 
0 0 1 0 0 
***********
nn output
0.956883 0.0195295 0.0617984 0.0787909 0.80456 
1 0 0 0 0.9 
***********
nn output
-0.0145171 0.00628397 0.0861004 0.733308 0.0259511 
0 0 0 1 0 
***********
nn output
0.962613 0.01708 0.0680448 0.0226398 0.836798 
1 0 0 0 0.9 
***********
nn output
-0.0152226 0.00419451 0.92071 -0.0895254 0.0479267 
0 0 1 0 0 
***********
nn output
0.0431309 0.00949729 0.970038 0.0162774 0.0249305 
0 0 1 0 0 
***********
nn output
0.0127366 0.00394111 0.90927 -0.0212527 0.0510446 
0 0 1 0 0 
***********
nn output
0.952599 0.0057475 -0.149415 0.0406435 0.322024 
1 0 0 0 0.23 
***********
nn output
0.0523328 0.000931202 0.905188 -0.0449435 0.0512863 
0 0 1 0 0 
***********
nn output
0.981217 -0.00173419 -0.209324 0.0674323 0.821339 
1 0 0 0 1 
***********
nn output
0.0162928 0.00477074 0.906254 0.0105922 0.0526613 
0 0 1 0 0 
***********
nn output
-0.0234122 0.979605 0.0992104 -0.115411 0.00286355 
0 1 0 0 0 
***********
nn output
-0.000916597 0.00527693 0.91104 -0.0146144 0.0522778 
0 0 1 0 0 
***********
nn output
1 0.0176412 -0.279531 0.00170003 0.90108 
1 0 0 0 0.875 
***********
nn output
0.951617 0.00999821 0.0220905 -0.086206 0.129261 
1 0 0 0 0.015 
***********
nn output
0.259008 0.0135452 0.892852 -0.0760674 -0.114371 
0 0 1 0 0 
***********
nn output
0.986584 0.0172592 -0.295067 0.0342329 0.874664 
1 0 0 0 0.875 
***********
nn output
0.0875939 -0.000730683 0.896574 -0.0385046 0.0547115 
0 0 1 0 0 
***********
nn output
0.0297467 0.0135646 0.986571 -0.103467 0.0232487 
0 0 1 0 0 
***********
nn output
0.953336 0.0121492 -0.158698 0.0599918 0.12519 
1 0 0 0 0.02 
***********
nn output
0.131794 0.0160207 -0.0912968 0.902188 -0.213756 
0 0 0 1 0 
***********
nn output
0.918287 0.0073589 -0.0356173 0.0251223 0.189697 
1 0 0 0 0.1475 
***********
nn output
0.0489395 0.000961726 0.905739 -0.0473997 0.0510652 
0 0 1 0 0 
***********
nn output
0.0543844 0.00919176 -0.282667 1 0.0265971 
0 0 0 1 0 
***********
nn output
0.964642 -0.00728867 -0.202255 0.0472907 0.856143 
1 0 0 0 1 
***********
nn output
0.959458 0.0177237 0.0834757 0.0384255 0.822725 
1 0 0 0 0.9 
***********
nn output
0.0871109 0.00386115 0.819718 0.127418 0.0630948 
0 0 1 0 0 
***********
nn output
0.00153881 0.979297 0.0742506 -0.116661 0.00688075 
0 1 0 0 0 
***********
nn output
0.953073 0.00950019 -0.0772414 -0.0296331 0.122188 
1 0 0 0 0.0175 
***********
nn output
0.934049 0.00812555 -0.0847443 -0.0154263 0.423379 
1 0 0 0 0.22 
***********
nn output
-0.00747155 0.980154 -0.00825098 -0.0335522 0.00911888 
0 1 0 0 0 
***********
nn output
0.0481999 0.00661195 0.851714 0.130293 0.0648889 
0 0 1 0 0 
***********
nn output
0.0670505 0.0124199 0.96086 0.0881985 0.0324618 
0 0 1 0 0 
***********
nn output
0.970359 0.00327312 -0.233072 0.175241 0.901786 
1 0 0 0 1 
***********
nn output
0.979001 -0.000825081 -0.304455 0.158957 0.808277 
1 0 0 0 1 
***********
nn output
0.969103 -0.0025919 -0.167619 0.0576728 0.891104 
1 0 0 0 1 
***********
nn output
0.0148168 0.980629 -0.109066 0.0372391 0.0165178 
0 1 0 0 0 
***********
nn output
0.968679 -0.00252282 -0.169482 0.0579594 0.887734 
1 0 0 0 1 
***********
nn output
-0.132972 0.00924846 0.989771 0.0983067 0.0161057 
0 0 1 0 0 
***********
nn output
0.0510877 0.00237986 0.902238 -0.00867425 0.0573348 
0 0 1 0 0 
***********
nn output
0.0390816 0.979495 -0.0295405 -0.0605108 0.0180532 
0 1 0 0 0 
***********
nn output
0.954699 0.0074065 -0.0922062 -0.0683694 0.11249 
1 0 0 0 0.0175 
***********
nn output
0.909602 0.00639452 0.0747603 -0.0197198 0.151172 
1 0 0 0 0.1375 
***********
nn output
0.967404 -0.00216372 -0.227473 0.105984 0.877838 
1 0 0 0 1 
***********
nn output
0.989336 0.0182293 -0.287096 0.021165 0.889687 
1 0 0 0 0.875 
***********
nn output
0.0672797 0.00351009 0.871329 0.0528112 0.063686 
0 0 1 0 0 
***********
nn output
-0.156388 0.0109301 1 -0.00745153 0.0110166 
0 0 1 0 0 
***********
nn output
0.967992 -0.00426218 -0.183352 0.0458255 0.877831 
1 0 0 0 1 
***********
nn output
0.0163551 0.00942454 0.978159 -0.0516763 0.0202361 
0 0 1 0 0 
